obstacles 134
obstacle 0
0 19 35
1 19 36
2 19 37
3 19 38
4 19 39
5 19 40
6 19 41
7 19 42
8 19 43
9 20 43
10 20 44
11 21 44
12 21 45
13 22 45
14 22 46
15 23 46
16 23 47
17 24 47
18 24 48
19 25 48
20 26 48
21 27 48
22 28 48
23 29 48
24 30 48
25 31 48
26 31 49
27 32 49
28 32 50
29 33 50
30 33 51
31 34 51
32 34 52
33 35 52
34 35 53
35 36 53
36 36 54
37 37 54
38 37 55
39 38 55
40 38 56
41 39 56
42 39 57
43 40 57
44 40 58
45 41 58
46 41 59
47 42 59
48 42 60
49 43 60
50 43 61
51 44 61
52 45 61
53 46 61
54 47 61
55 48 61
56 49 61
57 50 61
58 51 61
59 52 61
60 53 61
61 54 61
62 55 61
63 56 61
64 57 61
65 58 61
66 58 60
67 58 59
68 59 59
69 60 59
70 61 59
71 62 59
72 62 58
73 62 57
74 61 57
75 61 56
76 60 56
77 60 55
78 60 54
79 61 54
80 61 53
81 62 53
82 63 53
83 64 53
84 65 53
85 66 53
86 67 53
87 68 53
88 68 52
89 68 51
90 68 50
91 69 50
92 69 49
93 70 49
94 71 49
95 71 48
96 72 48
97 73 48
end
obstacle 1
0 57 68
1 57 69
2 57 70
3 56 70
4 55 70
5 55 71
6 54 71
7 54 72
8 53 72
9 52 72
10 52 73
11 52 74
12 52 75
13 52 76
14 53 76
end
obstacle 2
0 36 12
1 36 13
2 36 14
3 35 14
4 35 15
5 35 16
6 35 17
7 35 18
end
obstacle 3
0 32 18
1 33 18
2 33 19
3 33 20
4 33 21
5 34 21
6 35 21
7 36 21
8 36 22
9 36 23
10 36 24
11 36 25
12 37 25
13 37 26
14 38 26
15 38 27
16 38 28
17 38 29
18 37 29
19 36 29
20 35 29
21 34 29
22 33 29
23 32 29
24 31 29
25 31 28
26 30 28
27 30 27
28 29 27
29 29 26
30 28 26
31 28 25
32 27 25
33 26 25
34 26 24
35 25 24
36 25 23
37 24 23
38 23 23
39 23 22
40 22 22
41 21 22
42 20 22
43 19 22
44 19 23
45 18 23
46 17 23
47 17 24
48 16 24
49 16 25
50 15 25
51 15 26
52 14 26
53 14 27
54 13 27
55 13 28
56 12 28
57 12 29
58 11 29
59 11 30
60 10 30
61 9 30
end
obstacle 4
0 66 34
1 66 35
2 66 36
3 66 37
4 65 37
5 65 38
6 64 38
7 64 39
8 63 39
9 63 40
10 62 40
11 62 41
12 62 42
13 62 43
14 61 43
15 60 43
16 59 43
17 59 44
18 58 44
19 57 44
20 57 43
21 56 43
22 55 43
23 54 43
24 53 43
25 53 42
26 52 42
27 52 41
28 51 41
29 50 41
30 49 41
31 48 41
32 48 42
33 47 42
34 47 43
35 47 44
36 47 45
37 47 46
38 47 47
39 47 48
40 47 49
41 47 50
42 47 51
43 47 52
44 47 53
45 47 54
46 47 55
47 47 56
48 48 56
49 48 57
50 48 58
51 48 59
52 48 60
53 48 60
54 48 60
55 48 60
56 48 61
57 47 61
58 46 61
59 45 61
60 44 61
61 43 61
62 42 61
63 41 61
64 40 61
65 39 61
66 38 61
end
obstacle 5
0 31 52
1 31 53
2 31 54
3 31 55
4 31 56
5 31 57
6 31 58
7 32 58
8 32 59
9 33 59
10 33 60
11 34 60
12 34 61
13 34 62
14 35 62
15 36 62
16 37 62
17 38 62
18 39 62
19 40 62
20 41 62
21 42 62
22 43 62
23 44 62
24 45 62
25 46 62
26 47 62
27 48 62
28 49 62
29 50 62
30 51 62
31 52 62
32 53 62
33 54 62
34 55 62
35 56 62
36 57 62
37 58 62
38 58 61
39 58 60
40 58 59
41 59 59
42 60 59
43 60 60
44 61 60
45 61 61
46 61 62
47 62 62
48 63 62
49 64 62
end
obstacle 6
0 45 44
1 46 44
2 47 44
3 47 43
4 47 42
5 48 42
6 48 41
7 49 41
8 50 41
9 51 41
10 52 41
11 52 42
12 53 42
13 53 43
14 54 43
15 55 43
16 56 43
17 57 43
18 58 43
19 59 43
20 60 43
21 61 43
22 62 43
23 62 44
24 63 44
25 64 44
26 65 44
27 66 44
28 67 44
29 68 44
30 69 44
31 70 44
32 71 44
33 72 44
34 73 44
35 74 44
36 75 44
37 76 44
end
obstacle 7
0 62 34
1 62 33
2 62 32
3 61 32
4 60 32
5 59 32
6 58 32
7 57 32
8 56 32
9 55 32
10 54 32
11 53 32
12 52 32
13 51 32
14 50 32
15 49 32
16 48 32
17 48 31
18 47 31
19 47 30
20 47 29
21 47 28
22 47 27
23 47 26
24 47 25
25 46 25
26 46 24
27 45 24
28 44 24
29 43 24
30 43 25
31 43 26
32 43 27
33 42 27
34 42 28
35 41 28
36 40 28
37 40 29
38 39 29
39 38 29
40 37 29
41 36 29
42 36 30
43 36 31
44 36 32
45 35 32
46 34 32
47 33 32
48 32 32
49 31 32
50 30 32
51 29 32
end
obstacle 8
0 42 12
1 42 13
2 42 14
3 42 15
4 42 16
5 42 17
6 42 18
7 42 19
8 42 20
9 42 21
10 42 22
11 42 23
12 42 24
13 43 24
14 44 24
15 45 24
16 46 24
17 46 25
18 47 25
19 47 26
20 47 27
21 48 27
22 48 28
23 48 29
24 48 30
25 48 31
26 48 32
27 49 32
28 49 33
29 49 34
30 49 35
31 49 36
32 49 37
33 49 38
34 49 39
35 49 40
36 49 41
37 48 41
38 48 42
39 47 42
40 47 43
41 47 44
42 47 45
43 47 46
44 47 47
45 47 48
46 47 49
47 47 50
48 47 51
49 47 52
50 47 53
end
obstacle 9
0 41 22
1 41 23
2 41 24
3 41 25
4 42 25
5 43 25
6 43 24
7 44 24
8 45 24
9 46 24
10 46 25
11 47 25
12 47 26
13 47 27
14 47 28
15 47 29
16 47 30
17 48 30
18 48 31
19 48 32
20 49 32
21 49 33
22 49 34
23 49 35
24 49 36
25 49 37
26 49 38
27 49 39
28 49 40
29 50 40
30 50 41
31 51 41
32 52 41
33 52 42
34 53 42
35 53 43
36 54 43
37 55 43
38 56 43
39 57 43
40 57 44
41 58 44
42 59 44
43 59 43
44 60 43
45 61 43
46 62 43
47 62 44
48 63 44
49 64 44
50 65 44
51 66 44
52 67 44
end
obstacle 10
0 69 49
1 69 48
2 69 47
3 69 46
4 69 45
5 69 45
6 69 45
7 69 45
8 69 45
9 69 45
10 69 45
11 69 45
12 69 45
13 69 45
14 69 45
15 69 45
16 69 45
17 69 45
18 69 45
19 69 45
20 69 45
21 69 45
22 69 45
23 69 45
24 69 45
25 69 45
26 69 45
27 69 45
28 69 45
29 69 45
30 69 45
31 69 44
end
obstacle 11
0 43 41
1 43 42
2 43 43
3 43 44
4 43 45
5 43 46
6 43 47
7 43 48
8 43 49
9 43 50
10 43 51
11 44 51
12 44 52
13 44 53
14 45 53
15 45 54
16 46 54
17 46 55
18 47 55
19 47 56
20 48 56
21 48 57
22 48 58
23 48 59
24 48 60
25 48 61
26 48 62
27 48 63
28 48 64
29 48 65
30 48 66
31 48 67
32 48 68
33 48 69
34 49 69
end
obstacle 12
0 41 27
1 41 28
2 40 28
3 40 29
4 39 29
5 38 29
6 37 29
7 36 29
8 36 30
9 36 31
10 36 32
11 36 33
12 36 34
13 36 35
14 36 36
15 37 36
16 38 36
end
obstacle 13
0 60 37
1 60 38
2 61 38
3 62 38
4 63 38
5 63 38
6 63 38
7 64 38
end
obstacle 14
0 13 25
1 13 26
2 14 26
3 15 26
4 15 25
5 16 25
6 16 24
7 17 24
8 17 23
9 18 23
10 19 23
11 19 22
12 20 22
13 21 22
14 22 22
15 23 22
16 23 23
17 24 23
18 25 23
19 25 24
20 26 24
21 26 25
22 27 25
23 28 25
24 28 26
25 29 26
26 30 26
27 31 26
28 31 27
29 31 28
30 31 29
31 32 29
32 33 29
33 33 30
34 33 31
35 33 32
36 33 33
37 33 34
38 33 35
39 33 36
40 33 37
41 33 38
42 33 39
43 33 40
44 33 41
45 34 41
46 35 41
47 36 41
48 37 41
49 38 41
50 39 41
51 40 41
52 41 41
53 42 41
54 43 41
55 44 41
56 44 42
57 45 42
58 46 42
59 47 42
60 48 42
61 48 41
62 49 41
63 50 41
end
obstacle 15
0 43 13
1 43 14
2 43 15
3 43 16
4 43 17
5 43 18
6 43 19
7 43 20
8 43 21
9 43 22
10 43 23
11 43 24
12 43 25
13 43 26
14 43 27
15 42 27
16 42 28
17 41 28
18 40 28
19 40 29
20 39 29
21 38 29
22 37 29
23 36 29
24 36 30
25 36 31
26 36 32
27 36 33
28 36 34
29 36 35
30 36 36
31 36 37
32 36 38
33 36 39
34 36 40
35 36 41
36 36 42
37 35 42
38 34 42
39 34 41
40 33 41
41 33 40
42 32 40
43 32 39
44 31 39
45 30 39
46 29 39
47 28 39
48 27 39
49 26 39
50 26 40
51 26 41
52 26 42
53 25 42
end
obstacle 16
0 52 49
1 52 50
2 52 51
3 52 52
4 52 53
5 52 54
6 52 55
7 52 56
8 52 57
9 53 57
10 54 57
11 55 57
12 56 57
end
obstacle 17
0 27 24
1 27 25
2 28 25
3 28 26
4 29 26
5 29 27
6 30 27
7 30 28
8 31 28
9 31 29
10 32 29
11 33 29
12 33 30
13 33 31
14 33 32
15 33 33
16 33 34
17 33 35
18 33 36
19 33 37
20 33 38
21 33 39
22 33 40
23 33 41
24 34 41
25 34 42
26 35 42
27 35 43
28 36 43
29 36 44
30 37 44
31 37 45
32 38 45
33 38 46
34 39 46
35 39 47
36 40 47
37 40 48
38 41 48
39 41 49
40 42 49
41 42 50
42 43 50
43 43 51
44 44 51
45 44 52
46 44 53
47 45 53
48 45 54
49 46 54
50 46 55
51 47 55
52 47 56
53 48 56
54 48 57
55 48 58
56 49 58
57 50 58
58 51 58
59 52 58
60 53 58
61 54 58
62 55 58
63 56 58
64 57 58
end
obstacle 18
0 55 54
1 56 54
2 57 54
3 58 54
4 58 55
5 59 55
6 60 55
7 60 54
8 61 54
9 61 53
10 62 53
11 62 52
12 62 51
13 62 50
14 62 49
15 63 49
16 64 49
17 64 48
18 65 48
19 65 47
20 65 46
21 65 45
22 64 45
23 63 45
24 63 45
25 63 44
26 63 43
27 63 42
28 62 42
29 62 41
30 62 40
end
obstacle 19
0 60 42
1 60 41
2 60 40
3 60 39
4 60 38
5 60 37
6 60 36
7 60 35
8 60 34
9 60 33
10 60 32
11 60 31
12 60 30
13 60 29
14 60 28
15 60 27
16 60 26
17 60 25
18 59 25
19 58 25
20 57 25
21 56 25
22 55 25
23 54 25
24 53 25
25 52 25
26 51 25
27 50 25
28 49 25
29 48 25
30 47 25
31 46 25
32 46 24
33 45 24
34 44 24
35 43 24
36 43 25
37 42 25
38 41 25
39 40 25
40 39 25
41 38 25
42 38 26
43 38 27
44 38 28
45 37 28
46 36 28
47 35 28
48 34 28
49 33 28
50 32 28
51 32 27
52 31 27
53 31 26
54 30 26
55 30 25
56 29 25
57 28 25
58 27 25
59 26 25
60 26 24
61 25 24
62 25 23
63 24 23
64 23 23
65 23 22
66 22 22
67 21 22
68 20 22
69 19 22
70 19 23
71 18 23
72 17 23
73 17 24
74 16 24
75 16 25
76 15 25
end
obstacle 20
0 38 10
1 38 11
2 38 12
3 39 12
4 40 12
5 40 13
6 41 13
7 41 14
8 42 14
9 42 15
10 42 16
11 42 17
12 42 18
13 42 19
14 42 20
15 42 21
16 42 22
17 42 23
18 42 24
19 42 25
20 42 26
21 42 27
22 42 28
23 41 28
24 40 28
25 40 29
26 39 29
27 38 29
28 37 29
29 36 29
30 36 30
31 36 31
32 36 32
33 36 33
34 36 34
35 36 35
36 36 36
37 36 37
38 36 38
39 36 39
40 36 40
41 36 41
42 36 42
43 36 43
44 36 44
45 37 44
46 37 45
47 38 45
48 39 45
49 40 45
50 41 45
end
obstacle 21
0 25 21
1 26 21
2 27 21
3 27 22
4 28 22
5 28 23
6 29 23
7 29 24
8 29 25
9 30 25
10 30 26
11 31 26
12 31 27
13 32 27
14 32 28
15 33 28
16 34 28
17 35 28
18 36 28
19 37 28
20 38 28
21 39 28
22 40 28
23 40 27
24 41 27
25 42 27
26 43 27
27 43 26
28 43 25
29 42 25
30 42 24
31 43 24
32 44 24
33 44 23
34 44 22
35 44 21
36 44 20
37 44 19
38 44 18
39 44 17
40 44 16
41 44 15
42 44 14
end
obstacle 22
0 23 32
1 23 33
2 23 34
3 23 35
4 23 36
5 23 37
6 23 38
7 23 39
8 23 40
9 23 41
10 23 42
11 23 43
12 23 44
13 23 45
14 23 46
15 23 47
16 24 47
17 24 48
18 25 48
19 25 49
20 25 50
21 26 50
22 26 51
23 27 51
24 27 52
25 28 52
26 28 53
27 29 53
28 29 54
29 29 55
30 30 55
31 30 56
32 30 57
33 31 57
34 32 57
35 33 57
36 34 57
37 35 57
38 36 57
39 37 57
40 38 57
41 39 57
42 40 57
43 40 58
44 41 58
45 41 59
46 42 59
47 42 60
48 43 60
49 43 61
50 44 61
51 45 61
52 46 61
53 47 61
54 48 61
55 49 61
56 50 61
57 51 61
58 52 61
59 53 61
60 54 61
61 55 61
62 56 61
63 57 61
64 58 61
65 58 60
66 58 59
67 59 59
68 60 59
69 60 58
70 60 57
71 60 56
72 60 55
73 60 54
74 61 54
75 61 53
76 62 53
77 63 53
78 64 53
79 64 54
80 65 54
81 65 55
82 66 55
83 66 56
84 67 56
85 67 57
86 68 57
87 69 57
88 70 57
end
obstacle 23
0 54 70
1 54 69
2 53 69
3 52 69
4 51 69
5 51 68
6 50 68
7 50 67
8 50 66
9 50 65
10 50 64
11 50 63
12 50 62
13 50 61
14 50 60
15 50 59
16 50 58
17 50 57
18 50 56
19 50 55
20 50 54
21 50 53
22 50 52
23 49 52
24 48 52
25 47 52
26 46 52
27 45 52
28 45 52
29 45 52
30 45 52
31 45 52
32 45 52
33 45 52
34 45 52
35 45 52
36 45 52
37 45 52
38 45 52
39 45 52
40 45 52
41 45 52
42 45 52
43 45 52
44 45 52
45 45 52
46 44 52
end
obstacle 24
0 35 10
1 35 11
2 35 12
3 35 13
4 35 14
5 35 15
6 35 16
7 35 17
8 36 17
9 36 18
10 36 19
11 36 20
12 36 21
13 36 22
14 36 23
15 36 24
16 36 25
17 37 25
18 38 25
19 39 25
20 40 25
21 41 25
22 42 25
23 43 25
24 43 24
25 44 24
26 45 24
27 45 23
28 45 24
29 46 24
30 47 24
31 47 25
32 47 26
33 47 27
34 47 28
35 47 29
36 47 30
37 47 31
38 48 31
39 48 32
40 49 32
41 49 33
42 49 34
43 49 35
44 49 36
45 49 37
46 49 38
47 49 39
48 49 40
49 49 41
50 48 41
51 48 42
52 47 42
53 47 43
54 47 44
55 47 45
56 47 46
57 47 47
58 47 48
59 47 49
60 47 50
61 47 51
62 47 52
63 48 52
64 48 53
65 48 54
66 48 55
67 48 56
68 48 57
69 48 58
70 48 59
71 48 60
72 48 61
73 49 61
74 50 61
75 51 61
76 52 61
77 53 61
78 54 61
79 55 61
80 56 61
81 57 61
end
obstacle 25
0 38 25
1 38 26
2 39 26
3 40 26
4 41 26
5 42 26
6 43 26
7 43 25
8 43 24
9 44 24
10 45 24
11 46 24
12 46 25
13 47 25
14 47 26
15 47 27
16 47 28
17 47 29
18 47 30
19 48 30
20 48 31
21 48 32
22 49 32
23 49 33
24 49 34
25 49 35
26 49 36
27 49 37
28 49 38
29 49 39
30 50 39
31 51 39
32 52 39
33 53 39
34 54 39
35 55 39
36 56 39
37 57 39
38 58 39
39 59 39
40 60 39
41 61 39
42 62 39
43 63 39
end
obstacle 26
0 62 59
1 62 58
2 62 57
3 61 57
4 61 56
5 60 56
6 60 56
7 60 55
8 60 54
9 61 54
10 61 53
11 62 53
12 62 52
end
obstacle 27
0 53 57
1 54 57
2 55 57
3 55 56
4 55 55
5 55 54
6 55 53
7 55 52
8 55 51
9 54 51
10 54 50
11 53 50
12 53 49
13 52 49
14 52 48
15 51 48
16 51 47
17 50 47
18 49 47
19 49 46
20 48 46
21 48 45
22 47 45
23 47 44
24 47 43
25 47 42
26 48 42
27 48 41
28 49 41
29 49 40
30 50 40
31 51 40
32 52 40
33 53 40
34 54 40
35 55 40
36 55 39
37 55 38
38 55 37
end
obstacle 28
0 55 59
1 55 58
2 54 58
3 54 57
4 54 56
5 54 55
6 54 54
7 54 53
8 54 52
9 53 52
10 53 51
11 52 51
12 52 50
13 51 50
14 51 49
15 50 49
16 50 48
17 49 48
18 48 48
19 48 47
20 47 47
21 47 46
22 46 46
23 46 45
24 46 44
25 46 43
26 46 42
27 45 42
28 44 42
29 44 41
30 43 41
31 43 40
32 42 40
33 42 39
34 41 39
35 41 38
36 40 38
37 40 37
38 39 37
39 39 36
40 39 35
41 38 35
42 38 34
43 38 33
44 37 33
45 36 33
46 36 32
47 36 31
48 36 30
49 36 29
50 36 28
51 35 28
52 34 28
53 33 28
54 32 28
55 32 27
56 31 27
57 31 26
58 30 26
59 30 25
60 29 25
61 29 24
62 29 23
63 28 23
64 28 22
65 27 22
66 27 21
67 26 21
68 25 21
69 24 21
70 23 21
71 22 21
end
obstacle 29
0 71 41
1 70 41
2 69 41
3 68 41
4 68 42
5 67 42
6 67 43
7 66 43
8 66 44
9 65 44
10 64 44
11 63 44
12 63 43
13 63 42
14 62 42
15 62 41
16 61 41
17 61 41
18 61 41
19 61 41
20 61 41
21 61 41
22 61 41
23 61 41
24 61 41
25 61 41
26 61 41
27 61 41
28 61 41
29 61 41
30 62 41
end
obstacle 30
0 48 24
1 47 24
2 47 23
3 46 23
4 45 23
5 44 23
6 43 23
7 42 23
8 41 23
9 40 23
10 39 23
11 38 23
12 38 24
13 38 25
14 38 25
15 38 26
16 38 27
17 38 28
18 37 28
19 37 29
20 37 28
21 36 28
22 35 28
23 34 28
24 33 28
25 32 28
26 32 27
27 31 27
28 30 27
29 30 26
30 30 25
31 29 25
32 29 24
33 29 23
34 28 23
35 28 22
36 27 22
37 27 21
38 26 21
39 26 20
40 25 20
41 24 20
42 23 20
43 22 20
44 21 20
end
obstacle 31
0 38 55
1 38 56
2 39 56
3 39 57
4 40 57
5 40 58
6 41 58
7 41 59
8 42 59
9 42 60
10 43 60
11 43 61
12 44 61
13 45 61
14 46 61
15 47 61
16 48 61
17 49 61
18 50 61
19 51 61
20 52 61
21 53 61
22 54 61
23 55 61
24 56 61
25 57 61
26 58 61
27 58 60
28 58 59
29 59 59
30 60 59
31 61 59
32 62 59
33 62 58
34 62 57
35 61 57
36 61 56
37 60 56
38 60 55
39 60 54
40 61 54
41 61 53
42 62 53
43 63 53
44 64 53
45 65 53
46 66 53
47 67 53
48 68 53
49 68 52
50 68 51
51 68 50
52 69 50
53 69 49
54 70 49
55 71 49
56 71 48
57 72 48
58 73 48
59 73 47
60 73 46
61 73 45
62 73 44
63 73 43
64 73 42
65 73 41
66 73 40
end
obstacle 32
0 46 49
1 46 48
2 46 47
3 46 46
4 46 45
5 46 44
6 46 43
7 46 42
8 45 42
9 44 42
10 44 41
11 43 41
12 43 40
13 42 40
14 42 39
15 41 39
16 41 38
17 40 38
18 40 37
19 39 37
20 39 36
21 39 35
22 38 35
23 38 34
24 38 33
25 37 33
26 36 33
27 35 33
28 35 32
29 34 32
30 33 32
31 32 32
32 31 32
33 30 32
34 29 32
35 28 32
36 28 31
37 27 31
38 26 31
39 25 31
40 24 31
end
obstacle 33
0 39 43
1 39 42
2 39 41
3 39 40
4 39 39
5 39 38
6 39 37
7 39 36
8 39 35
9 38 35
10 38 34
11 38 33
12 37 33
13 36 33
14 36 32
15 36 31
16 36 30
17 36 29
18 35 29
19 35 28
20 34 28
21 33 28
22 32 28
23 32 27
24 31 27
25 30 27
26 29 27
27 29 26
28 29 25
29 29 24
30 28 24
31 27 24
32 26 24
33 25 24
34 25 23
35 24 23
36 23 23
37 23 22
38 22 22
39 21 22
40 20 22
41 19 22
42 19 23
43 18 23
44 17 23
45 17 24
46 16 24
47 15 24
48 14 24
49 13 24
end
obstacle 34
0 38 57
1 39 57
2 40 57
3 40 58
4 41 58
5 41 59
6 42 59
7 42 60
8 43 60
9 43 61
10 44 61
11 45 61
12 46 61
13 47 61
14 48 61
15 48 60
16 48 59
17 48 58
18 48 57
19 48 56
20 48 55
21 48 54
22 48 53
23 48 52
24 48 51
25 48 50
26 48 49
27 48 48
28 48 47
29 48 46
30 48 45
31 47 45
32 47 44
33 47 43
34 46 43
35 47 43
36 47 42
37 47 41
38 48 41
39 48 40
40 49 40
41 49 39
42 49 38
43 49 37
44 48 37
45 48 36
46 48 35
47 49 35
48 49 34
49 49 33
50 49 32
51 49 31
52 49 30
53 49 29
54 49 28
55 49 27
56 49 26
57 49 25
58 48 25
59 48 24
60 47 24
end
obstacle 35
0 9 31
1 10 31
2 10 30
3 11 30
4 11 29
5 12 29
6 12 28
7 13 28
8 13 27
9 14 27
10 14 26
11 15 26
12 15 25
13 16 25
14 16 24
15 17 24
16 17 23
17 18 23
18 19 23
19 19 22
20 20 22
21 21 22
22 22 22
23 23 22
24 24 22
25 25 22
26 26 22
27 27 22
28 28 22
29 28 23
30 28 23
31 28 24
32 28 24
33 29 24
34 29 25
35 30 25
36 30 26
37 31 26
38 31 27
39 32 27
40 32 28
41 33 28
42 34 28
43 35 28
44 36 28
45 36 29
46 37 29
47 37 28
48 38 28
49 38 27
50 38 26
51 38 25
52 38 24
53 38 23
54 38 22
55 38 21
56 38 20
57 38 19
58 38 18
59 37 18
60 37 17
61 36 17
62 36 16
63 35 16
64 35 15
65 35 14
66 36 14
67 36 13
68 36 12
69 36 11
70 36 10
end
obstacle 36
0 59 64
1 58 64
2 58 63
3 58 62
4 57 62
5 56 62
6 55 62
7 54 62
8 53 62
9 52 62
10 51 62
11 50 62
12 49 62
13 48 62
14 47 62
15 46 62
16 45 62
17 44 62
18 43 62
19 43 63
20 43 63
21 43 63
22 43 63
23 43 62
end
obstacle 37
0 62 38
1 62 39
2 62 40
3 62 41
4 62 42
5 62 43
6 61 43
7 60 43
8 59 43
9 58 43
10 57 43
11 56 43
12 55 43
13 54 43
14 54 42
15 53 42
16 52 42
17 52 41
18 51 41
19 50 41
20 49 41
21 48 41
22 48 42
23 47 42
24 46 42
25 45 42
26 45 43
27 45 44
28 44 44
29 43 44
30 42 44
31 41 44
32 40 44
33 39 44
34 38 44
35 37 44
36 36 44
37 36 43
38 35 43
39 35 42
40 34 42
41 34 41
42 34 40
43 34 40
44 33 40
45 32 40
46 32 39
47 31 39
48 30 39
49 29 39
50 28 39
51 27 39
52 26 39
53 26 40
54 26 41
55 26 42
56 26 43
57 26 44
58 26 45
59 26 46
60 26 47
61 26 48
62 26 49
63 26 50
64 26 51
65 27 51
66 27 52
67 28 52
68 28 53
end
obstacle 38
0 53 29
1 53 30
2 53 31
3 53 32
4 53 33
5 53 34
6 53 35
7 53 36
8 53 37
9 53 38
10 53 39
11 53 40
12 54 40
13 55 40
14 56 40
15 57 40
16 58 40
17 59 40
end
obstacle 39
0 43 22
1 43 23
2 43 24
3 44 24
4 45 24
5 46 24
6 46 25
7 47 25
8 47 26
9 47 27
10 47 28
11 47 29
12 47 30
13 47 31
14 48 31
15 49 31
16 49 32
17 49 33
18 49 34
19 49 35
20 49 36
21 49 37
22 49 38
23 49 39
24 49 40
25 49 41
26 50 41
27 50 41
28 50 41
29 49 41
30 49 40
31 49 41
32 50 41
33 50 41
34 50 41
35 50 41
36 50 41
37 49 41
38 49 41
39 48 41
40 48 40
41 48 40
42 48 40
43 48 40
44 48 40
45 48 40
46 48 40
47 48 40
48 48 40
49 49 40
50 49 40
51 49 40
52 49 40
53 49 40
54 49 40
55 49 40
56 49 40
57 49 40
58 49 40
59 49 40
60 49 40
61 49 40
62 49 40
63 49 41
end
obstacle 40
0 35 13
1 35 14
2 35 15
3 35 16
4 35 17
5 35 18
6 35 19
7 35 20
8 35 21
9 36 21
10 36 22
11 36 23
12 36 24
13 36 25
14 37 25
15 37 26
16 38 26
17 38 27
18 39 27
19 40 27
20 41 27
21 41 26
22 42 26
23 43 26
24 43 25
25 43 24
26 44 24
27 44 23
28 45 23
29 45 24
30 46 24
31 47 24
32 47 25
33 47 26
34 47 27
35 47 28
36 47 29
37 47 30
38 47 31
39 48 31
40 48 32
41 49 32
42 49 33
43 49 34
44 49 35
45 49 36
46 49 37
47 49 38
48 49 39
49 50 39
50 50 40
51 50 41
52 51 41
53 52 41
54 52 42
55 53 42
56 53 43
57 54 43
58 55 43
59 56 43
60 57 43
61 57 44
62 58 44
63 59 44
64 59 43
65 60 43
66 61 43
67 62 43
68 62 44
69 63 44
70 63 45
71 64 45
72 64 46
73 65 46
74 65 47
75 65 48
76 65 49
77 65 50
78 65 51
79 65 52
80 65 53
81 65 54
82 66 54
83 67 54
84 68 54
85 68 55
86 69 55
87 70 55
88 71 55
89 72 55
90 73 55
91 74 55
92 75 55
93 75 54
94 76 54
end
obstacle 41
0 72 56
1 72 55
2 71 55
3 70 55
4 69 55
5 68 55
6 68 54
7 68 53
8 68 52
9 68 51
10 68 50
11 69 50
12 69 49
13 70 49
14 70 48
15 70 47
16 70 46
17 70 45
18 70 44
19 70 43
20 70 43
21 70 43
22 70 43
23 70 43
24 70 43
25 70 43
26 70 43
27 70 43
28 70 43
29 70 43
30 70 43
31 70 43
32 70 44
end
obstacle 42
0 30 48
1 30 49
2 30 50
3 30 51
4 30 52
5 30 53
6 31 53
end
obstacle 43
0 71 49
1 71 48
2 71 47
3 71 46
4 71 45
5 71 44
6 71 43
7 71 42
8 70 42
9 69 42
10 68 42
11 67 42
12 67 43
13 66 43
14 66 44
15 65 44
16 64 44
17 63 44
18 63 43
19 63 42
20 62 42
21 62 41
22 62 40
23 61 40
24 60 40
25 60 41
26 59 41
27 58 41
28 58 40
29 57 40
30 56 40
31 55 40
32 54 40
33 54 41
34 53 41
35 53 40
end
obstacle 44
0 63 49
1 64 49
2 64 48
3 65 48
4 65 47
5 65 46
6 65 45
7 65 44
8 64 44
9 63 44
10 63 43
11 63 42
12 63 42
13 62 42
14 62 41
15 62 40
16 62 39
17 62 38
18 62 37
19 62 36
20 62 35
21 62 34
22 62 33
23 62 32
24 62 31
25 62 30
26 62 29
27 62 28
28 62 27
29 62 26
30 61 26
31 61 25
end
obstacle 45
0 61 75
1 61 74
2 61 73
3 61 72
4 61 71
5 61 70
6 62 70
7 63 70
8 63 69
9 64 69
10 64 68
11 64 67
12 64 66
13 64 65
14 64 64
15 64 63
16 64 62
17 64 61
18 64 60
19 64 59
20 63 59
21 63 58
22 62 58
23 62 57
24 61 57
25 61 56
26 60 56
27 60 55
28 59 55
29 58 55
30 58 54
31 58 53
32 57 53
33 57 52
34 56 52
35 56 51
36 55 51
37 54 51
38 54 50
39 53 50
40 53 49
41 52 49
42 52 48
43 51 48
44 51 47
45 50 47
46 49 47
47 49 46
48 48 46
49 48 45
50 47 45
51 47 44
52 47 43
53 46 43
54 45 43
55 44 43
56 43 43
57 43 42
58 43 41
59 43 40
60 42 40
61 42 39
62 41 39
63 41 38
64 40 38
65 40 37
66 39 37
67 39 36
68 39 35
69 38 35
70 38 34
71 38 33
72 37 33
73 36 33
74 36 32
75 36 31
76 36 30
77 36 29
78 37 29
79 38 29
80 38 28
81 38 27
82 38 26
83 38 25
84 38 24
85 38 23
86 38 22
87 38 21
88 38 20
89 38 19
90 38 18
91 37 18
92 37 17
93 36 17
94 36 16
95 35 16
96 35 15
97 35 14
98 36 14
99 36 13
100 37 13
101 37 12
102 38 12
end
obstacle 46
0 58 61
1 58 60
2 58 59
3 58 58
4 58 57
5 58 56
6 58 55
7 58 54
8 58 53
9 57 53
10 57 52
11 56 52
12 56 51
13 55 51
14 54 51
15 54 50
16 53 50
17 53 49
18 52 49
19 52 48
20 51 48
21 51 47
22 50 47
23 49 47
24 49 46
25 48 46
26 48 45
27 47 45
28 47 44
29 47 43
30 47 42
31 46 42
32 45 42
33 44 42
34 44 41
35 43 41
36 43 40
37 42 40
38 42 39
39 41 39
40 41 38
41 40 38
42 40 37
43 39 37
44 38 37
45 37 37
46 36 37
47 35 37
48 34 37
49 33 37
50 32 37
51 31 37
52 30 37
53 29 37
54 28 37
55 27 37
56 26 37
57 25 37
58 24 37
end
obstacle 47
1 57 68
2 57 67
3 57 66
4 57 65
5 57 64
6 57 63
7 57 62
8 57 61
9 57 60
10 57 59
11 57 58
12 57 57
13 57 56
14 57 55
15 57 54
16 57 53
17 57 52
18 56 52
19 56 51
20 55 51
21 54 51
22 54 50
23 53 50
24 53 49
25 52 49
26 52 48
27 51 48
28 51 47
29 50 47
30 49 47
31 49 46
32 48 46
33 48 45
34 48 45
35 48 45
36 48 45
37 47 45
38 47 44
39 47 43
40 46 43
41 47 43
42 47 42
43 48 42
44 48 41
45 49 41
46 50 41
47 51 41
48 52 41
49 53 41
end
obstacle 48
0 64 68
1 64 67
2 64 66
3 64 65
4 64 64
5 64 63
6 64 62
7 64 61
8 64 60
9 64 59
10 63 59
11 63 58
12 62 58
13 62 57
14 61 57
15 61 56
16 60 56
17 60 55
18 59 55
19 58 55
20 58 54
21 58 53
22 57 53
23 57 52
24 56 52
25 56 51
26 55 51
27 54 51
28 54 50
29 53 50
30 53 49
31 52 49
32 52 48
33 51 48
34 51 47
35 50 47
36 49 47
37 49 46
38 48 46
39 48 45
40 48 45
41 48 45
42 48 45
43 47 45
44 47 44
45 47 43
46 47 42
47 48 42
48 48 41
49 48 40
50 48 40
51 48 40
52 48 40
53 48 40
54 48 40
55 48 40
56 48 40
57 48 40
58 48 40
59 48 40
60 48 40
61 48 40
62 48 40
63 49 40
64 50 40
65 51 40
66 52 40
67 52 39
68 53 39
69 54 39
70 54 38
71 54 37
72 54 36
73 55 36
74 55 35
75 55 34
76 55 33
77 55 32
78 55 31
79 55 30
80 55 29
81 55 28
82 55 27
end
obstacle 49
0 58 28
1 58 29
2 58 30
3 58 31
4 58 32
5 58 33
6 58 34
7 58 35
8 58 36
9 58 37
10 58 38
11 58 39
12 58 40
13 58 41
14 57 41
15 56 41
16 55 41
17 54 41
18 53 41
19 52 41
20 51 41
21 50 41
22 49 41
23 48 41
24 47 41
25 47 41
26 47 42
27 47 43
28 46 43
29 46 44
30 46 45
31 46 46
32 46 47
33 46 48
34 46 49
35 46 50
36 46 51
37 46 52
38 46 53
39 46 54
40 46 55
41 47 55
42 47 56
43 48 56
44 48 57
45 48 58
46 48 59
47 48 60
48 48 61
49 48 62
50 48 63
51 48 64
52 48 65
53 48 66
54 48 67
55 48 68
56 48 69
57 48 70
58 48 71
59 48 72
60 48 73
61 49 73
62 49 74
63 50 74
64 50 75
65 51 75
66 52 75
end
obstacle 50
0 61 77
1 61 76
2 61 75
3 61 74
4 61 73
5 61 72
6 61 71
7 61 70
8 62 70
9 63 70
10 63 69
11 64 69
12 64 68
13 64 67
14 64 66
15 64 65
16 64 64
17 64 63
18 64 62
19 64 61
20 64 60
21 63 60
22 62 60
23 61 60
24 60 60
25 60 59
26 59 59
27 58 59
28 57 59
29 57 60
30 56 60
31 55 60
32 54 60
33 53 60
34 52 60
35 51 60
end
obstacle 51
0 67 67
1 67 66
2 67 65
3 67 64
4 67 63
5 67 62
6 66 62
7 66 61
8 65 61
9 65 60
10 64 60
11 64 59
12 63 59
13 63 58
14 62 58
15 62 57
16 61 57
17 61 56
18 60 56
19 60 55
20 60 54
21 61 54
22 61 53
23 62 53
24 63 53
25 64 53
26 64 52
27 64 51
28 64 50
29 64 49
30 64 48
31 65 48
32 65 47
33 65 46
34 65 45
35 65 44
36 64 44
37 63 44
38 63 43
39 63 42
40 62 42
41 61 42
42 61 41
43 61 40
44 61 39
45 62 39
46 62 38
47 63 38
48 63 37
49 64 37
end
obstacle 52
0 63 29
1 63 30
2 63 31
3 63 32
4 63 33
5 63 34
6 63 35
7 63 36
8 63 37
9 63 38
10 63 39
11 63 40
12 62 40
13 62 41
14 61 41
15 61 42
16 61 43
17 60 43
18 59 43
19 59 44
20 58 44
21 57 44
22 57 43
23 56 43
24 55 43
25 54 43
26 53 43
27 53 42
28 53 41
29 53 41
30 53 41
31 53 41
32 53 41
33 52 41
34 51 41
35 51 41
36 51 41
37 50 41
38 50 41
39 49 41
40 48 41
41 47 41
42 47 41
43 47 42
44 47 43
45 46 43
46 46 44
47 46 45
48 46 46
49 46 47
50 46 48
51 46 49
52 46 50
53 46 51
54 46 52
55 46 53
56 46 54
57 46 55
58 47 55
59 47 56
60 48 56
61 48 57
62 48 58
63 48 59
64 48 60
65 48 61
66 47 61
67 46 61
68 45 61
69 44 61
70 43 61
71 43 60
72 42 60
73 42 59
74 41 59
75 41 58
76 40 58
77 39 58
78 38 58
79 37 58
end
obstacle 53
0 54 57
1 54 56
2 54 55
3 54 54
4 54 53
5 54 52
6 54 51
7 54 50
8 53 50
9 53 49
10 52 49
11 52 48
12 51 48
13 51 47
14 50 47
15 49 47
16 49 46
17 48 46
18 48 45
19 47 45
20 47 44
21 47 43
22 47 42
23 46 42
24 45 42
25 44 42
26 44 41
27 43 41
28 43 40
29 42 40
30 42 39
31 41 39
32 41 38
33 40 38
34 40 37
35 39 37
36 39 36
37 39 35
38 38 35
39 38 34
40 38 33
41 37 33
42 36 33
43 36 32
44 35 32
45 35 31
46 35 30
47 35 29
48 35 28
49 34 28
50 33 28
51 32 28
52 32 27
53 31 27
54 31 26
55 30 26
56 30 25
57 29 25
58 29 24
59 29 23
60 28 23
61 28 22
62 27 22
63 27 21
64 26 21
65 25 21
66 24 21
67 23 21
68 22 21
69 21 21
70 20 21
71 19 21
end
obstacle 54
0 48 18
1 48 19
2 47 19
3 47 20
4 46 20
5 46 21
6 46 22
7 46 23
8 46 24
9 46 25
10 47 25
11 47 26
12 47 27
13 47 28
14 47 29
15 48 29
16 48 29
17 48 29
18 48 30
19 48 31
20 48 32
21 49 32
22 49 33
23 49 34
24 49 35
25 49 36
26 49 37
27 49 38
28 48 38
29 49 38
30 49 39
31 49 40
32 49 41
33 48 41
34 48 42
35 48 42
36 48 42
37 47 42
38 47 43
39 46 43
40 46 44
41 46 45
42 46 46
43 46 47
44 46 48
45 46 49
46 46 49
47 47 49
48 48 49
end
obstacle 55
0 22 22
1 23 22
2 23 23
3 24 23
4 25 23
5 25 24
6 26 24
7 26 25
8 27 25
9 28 25
10 28 26
11 29 26
12 29 27
13 30 27
14 30 28
15 31 28
16 31 29
17 32 29
18 33 29
19 33 30
20 33 31
21 33 32
22 33 33
23 33 34
24 33 35
25 33 36
26 33 37
27 33 38
28 33 39
29 33 40
30 33 41
31 34 41
32 34 42
33 35 42
34 35 43
35 36 43
36 37 43
37 37 44
38 37 45
39 38 45
40 38 46
41 39 46
42 39 47
43 40 47
44 40 48
45 41 48
46 41 49
47 42 49
48 42 50
49 43 50
50 43 51
51 44 51
52 45 51
53 45 52
54 45 53
55 45 54
56 45 54
57 46 54
58 46 55
59 47 55
60 47 56
61 48 56
62 48 57
63 48 58
64 48 59
65 48 60
66 48 61
67 48 62
68 49 62
end
obstacle 56
0 8 29
1 9 29
2 10 29
3 11 29
4 12 29
5 12 28
6 13 28
7 13 27
8 14 27
9 14 26
10 15 26
11 15 25
12 16 25
13 16 24
14 17 24
15 17 23
16 18 23
17 19 23
18 19 22
19 20 22
20 21 22
21 22 22
22 23 22
23 23 23
24 24 23
25 25 23
26 25 24
27 26 24
28 27 24
29 27 25
30 27 25
31 27 25
32 27 24
33 28 24
34 29 24
35 29 25
36 30 25
37 30 26
38 31 26
39 31 27
40 32 27
41 32 28
42 33 28
43 34 28
44 35 28
45 36 28
46 36 29
47 37 29
48 38 29
49 39 29
50 40 29
51 40 28
52 41 28
53 42 28
54 42 27
55 43 27
56 43 26
57 43 25
58 43 24
59 44 24
60 45 24
61 46 24
end
obstacle 57
0 62 73
1 62 72
2 62 71
3 62 70
4 63 70
5 63 69
6 64 69
7 64 68
8 64 67
9 64 66
10 64 65
11 64 64
12 63 64
13 63 63
14 62 63
15 62 62
16 61 62
17 61 61
18 61 60
19 60 60
20 60 59
21 59 59
22 58 59
23 58 60
24 58 61
25 58 62
26 58 63
27 57 63
28 56 63
29 56 62
30 55 62
31 54 62
32 54 61
33 53 61
34 53 62
35 53 63
36 52 63
37 51 63
38 50 63
39 50 64
40 49 64
41 48 64
42 47 64
43 46 64
44 45 64
45 44 64
46 43 64
47 42 64
48 41 64
49 40 64
end
obstacle 58
0 33 32
1 33 33
2 33 34
3 33 35
4 33 36
5 33 37
6 33 38
7 33 39
8 33 40
9 33 41
10 34 41
11 34 42
12 35 42
13 35 43
14 36 43
15 36 44
16 37 44
17 37 45
18 38 45
19 39 45
20 40 45
21 41 45
22 42 45
23 43 45
24 44 45
25 45 45
26 46 45
27 46 46
28 47 46
29 47 47
30 48 47
31 49 47
32 50 47
33 50 48
34 51 48
35 52 48
36 52 49
37 53 49
38 53 50
39 53 51
40 54 51
41 55 51
42 56 51
43 56 52
44 57 52
45 57 53
46 58 53
47 58 54
48 58 55
49 59 55
50 60 55
51 60 54
52 61 54
53 61 53
54 62 53
55 63 53
56 64 53
57 65 53
58 66 53
59 67 53
60 68 53
61 68 52
62 68 51
63 68 50
64 69 50
65 69 49
66 70 49
67 71 49
68 71 48
69 71 47
70 71 46
71 71 45
end
obstacle 59
0 26 44
1 26 45
2 26 46
3 26 47
4 26 48
5 26 49
6 26 50
7 26 51
8 27 51
9 27 52
10 28 52
11 28 53
12 29 53
13 29 54
14 29 55
15 30 55
16 30 56
17 30 57
18 31 57
19 31 58
20 32 58
21 32 59
22 33 59
23 33 60
24 34 60
25 34 61
26 34 62
27 35 62
28 36 62
29 37 62
30 37 63
31 38 63
32 39 63
33 39 64
34 40 64
35 40 65
36 40 66
37 41 66
38 41 67
39 41 68
40 42 68
41 43 68
42 44 68
43 45 68
44 45 69
45 46 69
46 46 70
47 47 70
48 47 71
49 47 72
50 48 72
51 48 73
52 49 73
53 49 74
54 50 74
55 50 75
56 50 76
57 51 76
58 51 77
59 52 77
end
obstacle 60
0 83 50
1 83 49
2 82 49
3 82 48
4 82 47
5 81 47
6 81 46
7 80 46
8 79 46
9 78 46
10 77 46
11 76 46
12 75 46
13 74 46
14 73 46
15 72 46
16 71 46
17 70 46
18 69 46
19 68 46
20 67 46
21 66 46
22 65 46
23 64 46
24 64 45
25 63 45
26 63 44
27 62 44
28 62 43
29 61 43
30 60 43
31 59 43
32 59 44
33 58 44
34 57 44
35 57 43
36 56 43
37 56 42
38 55 42
39 55 43
40 54 43
41 53 43
42 53 42
43 52 42
44 52 41
45 51 41
46 51 40
47 50 40
48 50 41
49 50 41
50 49 41
51 48 41
52 48 42
53 47 42
54 47 43
55 47 44
56 47 45
57 47 46
58 46 46
59 45 46
60 44 46
61 43 46
62 42 46
63 41 46
64 40 46
65 39 46
66 38 46
67 38 45
68 37 45
69 37 44
70 36 44
71 36 43
72 35 43
73 35 42
74 34 42
75 34 41
76 33 41
77 33 40
78 32 40
79 32 39
80 31 39
81 30 39
82 29 39
83 28 39
84 27 39
85 26 39
86 26 40
87 26 41
88 26 42
89 26 43
90 26 44
91 26 45
92 26 46
93 25 46
94 24 46
95 23 46
96 22 46
end
obstacle 61
0 47 47
1 48 47
2 49 47
3 50 47
4 51 47
5 51 48
6 52 48
7 52 49
8 52 50
9 53 50
10 53 50
11 53 51
12 54 51
13 54 52
14 55 52
15 56 52
16 56 53
17 57 53
18 57 54
19 57 54
20 57 54
21 58 54
22 58 55
23 59 55
24 60 55
25 60 54
26 61 54
27 61 53
28 62 53
29 63 53
30 64 53
31 65 53
32 66 53
33 67 53
34 68 53
35 68 52
36 68 51
37 68 50
38 69 50
39 69 49
40 70 49
41 70 48
42 70 47
43 70 47
44 70 47
45 70 47
46 70 47
47 70 47
48 70 47
49 70 47
50 70 47
51 70 47
52 70 47
53 70 47
54 70 47
55 70 47
56 70 47
57 70 47
58 70 47
59 70 47
60 70 47
61 70 47
62 70 47
63 70 47
64 70 47
65 70 47
66 70 47
67 70 47
68 70 47
69 70 47
70 71 47
end
obstacle 62
0 39 27
1 38 27
2 38 28
3 37 28
4 36 28
5 35 28
6 34 28
7 33 28
8 32 28
9 32 27
10 31 27
11 30 27
12 30 26
13 30 25
14 29 25
15 29 24
16 29 23
17 28 23
18 28 22
19 27 22
20 26 22
21 25 22
22 24 22
23 24 21
24 23 21
25 23 21
26 23 21
27 23 21
28 23 21
29 23 21
30 23 21
31 23 21
32 23 21
33 23 21
34 23 21
35 23 21
36 23 21
37 23 21
38 23 21
39 23 21
40 23 21
41 23 21
42 23 21
43 23 21
44 23 21
45 23 21
46 23 21
47 23 21
48 23 21
49 23 21
50 23 21
51 23 21
52 23 21
53 23 21
54 23 21
55 23 21
56 23 21
57 23 21
58 23 21
59 23 21
60 23 21
61 23 21
62 23 21
63 23 21
64 23 21
65 23 21
66 23 22
end
obstacle 63
0 32 31
1 32 32
2 32 33
3 32 34
4 32 35
5 32 36
6 32 37
7 32 38
8 32 39
9 31 39
10 30 39
11 29 39
12 28 39
13 27 39
14 26 39
15 26 40
16 26 41
17 26 42
18 25 42
19 24 42
20 23 42
21 22 42
22 21 42
23 20 42
24 19 42
25 18 42
end
obstacle 64
0 48 73
1 48 72
2 48 71
3 48 70
4 48 69
5 48 68
6 48 67
7 48 66
8 48 65
9 48 64
10 48 63
11 48 62
12 48 61
13 48 60
14 48 59
15 48 58
16 48 57
17 48 56
18 48 55
19 48 54
20 48 53
21 48 52
22 48 51
23 48 50
24 48 49
25 48 48
26 48 47
27 48 46
28 48 45
29 47 45
30 47 44
31 47 43
32 47 42
33 46 42
34 45 42
35 44 42
36 44 41
37 43 41
38 43 40
39 42 40
40 42 39
41 41 39
42 41 38
43 40 38
44 40 37
45 39 37
46 39 36
47 39 35
48 38 35
49 38 34
50 38 33
51 37 33
52 36 33
53 36 32
54 36 31
55 36 30
56 36 29
57 37 29
58 38 29
59 39 29
60 40 29
61 40 28
62 41 28
63 42 28
64 42 27
65 43 27
66 43 26
end
obstacle 65
0 66 53
1 66 54
2 65 54
3 64 54
4 64 53
5 63 53
6 63 53
7 63 53
8 63 53
9 63 53
10 63 53
11 63 53
12 62 53
13 61 53
14 61 54
15 60 54
16 60 55
17 59 55
18 59 56
19 59 57
20 59 58
21 58 58
22 57 58
23 57 59
24 57 60
25 56 60
26 55 60
27 54 60
28 53 60
29 52 60
30 51 60
31 50 60
32 49 60
33 48 60
34 48 61
35 47 61
36 46 61
37 45 61
38 44 61
39 43 61
40 43 60
41 42 60
42 41 60
43 40 60
44 39 60
45 38 60
46 37 60
47 36 60
48 35 60
49 34 60
50 33 60
end
obstacle 66
0 60 58
1 60 57
2 60 56
3 60 55
4 60 54
5 61 54
6 61 53
7 62 53
8 62 52
9 62 51
10 62 50
11 62 49
12 63 49
13 64 49
14 64 48
15 65 48
16 65 47
17 65 46
18 65 45
19 65 44
20 64 44
21 63 44
22 63 43
23 63 42
24 62 42
25 61 42
26 60 42
27 60 42
28 60 42
29 60 42
30 60 42
31 60 42
32 60 42
33 60 42
34 60 42
35 60 42
36 60 42
37 60 42
38 60 42
39 60 42
40 60 42
41 60 42
42 61 42
end
obstacle 67
0 35 18
1 35 19
2 35 20
3 35 21
4 36 21
5 36 22
6 36 23
7 36 24
8 36 25
9 37 25
10 37 26
11 38 26
12 38 27
13 38 28
14 38 29
15 37 29
16 36 29
17 35 29
18 35 30
19 35 31
20 35 32
21 35 33
22 35 34
23 35 35
24 35 36
25 35 37
26 34 37
27 33 37
28 32 37
29 31 37
30 30 37
31 29 37
32 28 37
33 27 37
34 26 37
35 25 37
36 24 37
37 23 37
38 22 37
39 21 37
40 20 37
41 19 37
42 18 37
43 17 37
44 16 37
45 15 37
46 14 37
end
obstacle 68
2 54 57
3 55 57
4 55 58
5 55 59
6 55 60
7 56 60
8 57 60
9 58 60
10 58 59
11 59 59
12 60 59
13 60 60
14 61 60
15 61 61
16 62 61
17 62 62
18 62 63
19 63 63
20 63 64
21 63 65
22 64 65
23 64 66
24 65 66
25 66 66
26 67 66
27 68 66
28 69 66
29 70 66
30 71 66
end
obstacle 69
0 49 18
1 48 18
2 48 19
3 47 19
4 47 20
5 46 20
6 46 21
7 46 22
8 46 23
9 47 23
10 47 24
11 48 24
12 48 25
13 48 26
14 48 27
15 48 28
16 49 28
17 49 29
18 49 30
19 49 31
20 50 31
21 50 32
22 50 33
23 50 34
24 50 35
25 50 36
26 50 37
27 50 38
28 50 39
29 51 39
30 51 40
31 52 40
32 53 40
33 54 40
34 54 41
35 55 41
36 56 41
37 57 41
38 57 42
39 58 42
40 58 43
41 59 43
42 60 43
43 61 43
44 62 43
45 62 44
46 63 44
47 63 45
48 64 45
49 64 46
50 65 46
51 65 47
52 65 48
53 65 49
54 65 50
55 65 51
56 65 52
57 64 52
58 64 53
59 63 53
60 62 53
61 61 53
62 61 54
63 60 54
64 60 55
65 60 56
66 60 57
67 60 58
68 61 58
69 61 59
70 61 60
71 61 61
72 61 62
73 62 62
74 62 63
75 63 63
76 63 64
77 63 65
78 64 65
79 64 66
80 64 67
81 65 67
82 66 67
83 67 67
84 68 67
85 69 67
86 70 67
end
obstacle 70
0 25 42
1 25 43
2 25 44
3 25 45
4 25 46
5 25 47
6 25 48
7 25 49
8 25 50
9 26 50
10 26 51
11 27 51
12 27 52
13 28 52
14 28 53
15 29 53
16 29 54
17 29 55
18 30 55
19 30 56
20 30 57
21 31 57
22 31 58
23 32 58
24 32 59
25 33 59
26 33 60
27 34 60
28 34 61
29 34 62
30 35 62
31 36 62
32 37 62
33 37 63
34 38 63
35 39 63
36 40 63
37 41 63
38 42 63
39 43 63
40 44 63
41 45 63
42 46 63
43 47 63
44 48 63
45 49 63
46 50 63
47 51 63
48 52 63
49 53 63
50 53 62
51 54 62
52 55 62
53 56 62
54 57 62
55 58 62
56 58 61
57 58 60
58 58 59
59 59 59
60 60 59
61 60 60
62 61 60
63 61 61
64 61 62
65 62 62
66 62 63
67 63 63
68 64 63
end
obstacle 71
0 66 48
1 66 47
2 66 46
3 66 45
4 66 44
5 65 44
6 64 44
7 63 44
8 63 43
9 63 42
10 62 42
11 61 42
12 61 41
13 61 40
14 61 39
15 61 38
16 61 37
17 61 36
18 61 35
19 61 34
20 61 33
21 61 32
22 61 31
23 61 30
24 61 29
25 60 29
26 59 29
27 58 29
28 57 29
29 56 29
30 55 29
31 54 29
end
obstacle 72
0 35 28
1 35 29
2 36 29
3 37 29
4 38 29
5 38 28
6 39 28
7 40 28
8 41 28
9 42 28
10 42 27
11 42 26
12 42 25
13 43 25
14 43 24
15 44 24
16 45 24
17 46 24
18 46 25
19 47 25
20 47 26
21 47 27
22 48 27
23 48 28
24 48 29
25 48 30
26 48 31
27 48 32
28 49 32
29 49 33
30 50 33
31 51 33
32 52 33
33 53 33
34 54 33
35 55 33
36 56 33
37 57 33
38 58 33
end
obstacle 73
0 31 13
1 31 14
2 31 15
3 31 16
4 31 17
5 32 17
6 32 18
7 33 18
8 33 19
9 33 20
10 33 21
11 34 21
12 35 21
13 36 21
14 36 22
15 36 23
16 36 24
17 36 25
18 37 25
19 37 26
20 38 26
21 39 26
22 40 26
23 41 26
24 42 26
25 42 25
26 42 24
27 42 24
28 42 24
29 42 24
30 43 24
31 44 24
32 45 24
33 45 23
34 45 24
35 46 24
36 46 25
37 47 25
38 47 26
39 47 27
40 47 28
41 47 29
42 47 30
43 47 31
44 48 31
45 48 32
46 49 32
47 49 33
48 50 33
49 50 34
50 50 35
51 50 36
52 50 37
53 50 38
54 50 39
55 50 40
56 50 41
57 51 41
58 52 41
59 52 42
60 53 42
61 54 42
62 55 42
63 55 41
end
obstacle 74
0 56 34
1 56 35
2 56 36
3 56 37
4 56 38
5 56 39
6 56 40
7 56 41
8 56 42
9 57 42
10 58 42
11 58 43
12 59 43
13 60 43
14 60 42
15 60 42
16 61 42
17 61 43
18 62 43
19 62 44
20 62 44
21 62 44
22 63 44
23 64 44
24 65 44
25 66 44
26 67 44
27 68 44
28 68 45
29 68 45
30 68 44
end
obstacle 75
0 77 45
1 78 45
2 79 45
end
obstacle 76
0 49 29
1 49 30
2 49 31
3 49 32
4 49 33
5 49 34
6 49 35
7 49 36
8 49 37
9 49 38
10 49 39
11 49 40
12 50 40
13 51 40
14 52 40
15 52 39
16 52 38
17 52 38
18 52 38
19 52 38
20 52 38
21 52 38
22 52 38
23 52 38
24 52 38
25 52 38
26 52 38
27 52 38
28 52 38
29 52 38
30 52 38
31 52 38
32 52 38
33 52 39
34 52 40
35 52 40
36 52 40
37 52 40
38 52 40
39 52 40
40 52 40
41 52 40
42 52 40
43 52 40
44 52 40
45 52 40
46 52 40
47 52 40
48 52 40
49 52 40
50 52 40
51 52 40
52 52 40
53 52 40
54 52 40
55 52 40
56 52 40
57 52 40
58 52 40
59 52 41
60 52 42
end
obstacle 77
0 42 15
1 42 16
2 42 17
3 42 18
4 42 19
5 42 20
6 42 21
7 42 22
8 42 23
9 42 24
10 42 25
11 41 25
12 41 26
13 41 27
14 41 28
15 40 28
16 40 29
17 39 29
18 38 29
19 38 29
20 37 29
21 36 29
22 36 30
23 35 30
24 34 30
25 34 30
26 34 30
27 34 30
28 34 30
29 34 30
30 34 30
31 34 30
32 34 30
33 34 30
34 34 30
35 34 30
36 34 30
37 34 30
38 34 30
39 34 30
40 34 30
41 34 30
42 34 30
43 34 30
44 34 30
45 34 30
46 34 30
47 35 30
end
obstacle 78
0 73 39
1 73 40
2 72 40
3 71 40
4 70 40
5 70 41
6 69 41
7 68 41
8 68 42
9 67 42
10 67 43
11 66 43
12 66 44
13 65 44
14 64 44
15 63 44
16 63 43
17 63 42
18 62 42
19 62 41
20 62 40
21 61 40
22 60 40
23 60 41
24 59 41
25 58 41
26 58 40
27 57 40
28 56 40
29 55 40
30 54 40
31 54 41
32 54 41
33 53 41
34 52 41
35 52 41
36 52 41
37 51 41
38 51 40
39 50 40
40 50 40
41 49 40
42 49 41
43 48 41
44 47 41
45 47 42
46 46 42
47 45 42
48 44 42
49 44 41
50 43 41
51 43 40
52 42 40
53 41 40
54 40 40
55 39 40
56 38 40
57 37 40
58 36 40
59 35 40
60 34 40
61 33 40
62 32 40
63 32 39
64 31 39
65 30 39
66 29 39
67 28 39
68 27 39
69 26 39
70 26 40
71 25 40
72 24 40
end
obstacle 79
0 51 40
1 51 39
2 51 38
3 51 37
4 51 36
5 51 35
6 51 34
7 51 33
8 51 32
9 51 31
10 51 30
11 51 29
12 51 28
13 51 27
14 51 26
15 51 25
16 50 25
17 49 25
18 48 25
19 48 24
20 47 24
21 46 24
22 45 24
23 44 24
24 44 23
25 43 23
26 42 23
27 41 23
28 41 24
29 40 24
30 39 24
31 38 24
32 37 24
33 36 24
end
obstacle 80
0 63 35
1 63 36
2 63 37
3 63 38
4 63 39
5 63 40
6 62 40
7 62 41
8 62 42
9 62 43
10 61 43
11 61 43
12 61 43
13 61 43
14 60 43
15 59 43
16 58 43
17 58 44
18 57 44
19 57 43
20 56 43
21 55 43
22 54 43
23 54 42
24 54 42
25 54 42
26 54 42
27 54 42
28 54 42
29 54 42
30 54 42
31 54 42
32 54 42
33 54 42
34 54 42
35 53 42
36 52 42
37 52 41
38 51 41
39 50 41
40 49 41
41 48 41
42 48 41
43 47 41
44 47 42
45 46 42
46 46 43
47 45 43
48 44 43
49 43 43
50 42 43
51 41 43
52 40 43
53 39 43
54 38 43
55 37 43
56 36 43
57 35 43
58 35 42
59 34 42
60 34 41
61 33 41
62 33 40
63 32 40
64 32 39
65 31 39
66 30 39
67 29 39
68 28 39
69 27 39
70 26 39
71 26 40
72 26 41
73 26 42
74 26 43
75 25 43
76 24 43
77 23 43
78 22 43
end
obstacle 81
0 83 52
1 83 51
2 83 50
3 83 49
4 82 49
5 82 48
6 82 47
7 81 47
8 81 46
9 80 46
10 79 46
11 78 46
12 78 45
13 78 44
14 78 43
15 77 43
16 77 42
17 76 42
18 76 41
19 75 41
20 75 40
21 74 40
22 74 39
23 73 39
24 72 39
25 71 39
26 71 40
27 70 40
28 70 41
29 69 41
30 68 41
31 68 42
32 67 42
33 67 43
34 66 43
35 66 44
36 65 44
37 64 44
38 63 44
39 63 43
40 63 43
41 63 43
42 63 43
43 63 43
44 63 43
45 63 43
46 63 43
47 62 43
48 61 43
49 60 43
50 60 42
51 60 41
52 60 40
53 60 39
54 60 38
55 60 37
56 60 36
57 60 35
58 59 35
59 58 35
60 57 35
61 56 35
62 55 35
63 54 35
64 53 35
65 52 35
66 51 35
67 50 35
68 49 35
69 49 36
70 49 37
71 49 38
72 49 39
73 49 40
74 48 40
75 48 41
76 47 41
77 47 42
78 46 42
79 45 42
80 44 42
81 44 41
82 43 41
83 43 40
84 42 40
85 42 39
86 41 39
87 41 38
88 40 38
89 40 37
90 39 37
91 39 36
92 39 35
93 38 35
94 38 34
95 38 33
96 37 33
97 36 33
98 36 32
99 36 31
100 36 30
101 36 29
102 37 29
103 38 29
104 39 29
105 40 29
106 40 28
107 41 28
108 42 28
109 42 27
110 42 26
111 42 25
112 43 25
113 43 24
114 44 24
115 45 24
116 45 23
117 46 23
118 46 22
119 46 21
120 46 20
121 46 19
122 46 18
123 46 17
124 46 16
125 46 15
126 46 14
end
obstacle 82
0 38 27
1 38 28
2 39 28
3 40 28
4 41 28
5 42 28
6 42 27
7 43 27
8 43 26
9 43 25
10 43 24
11 44 24
12 45 24
13 46 24
14 46 25
15 47 25
16 47 26
17 47 27
18 47 28
19 47 29
20 48 29
21 48 30
22 48 31
23 48 32
24 49 32
25 49 33
26 49 34
27 49 35
28 49 36
29 49 37
30 49 38
31 49 39
32 50 39
33 51 39
34 51 39
35 51 39
36 51 39
37 51 39
38 51 39
39 51 39
40 51 39
41 51 39
42 51 39
43 51 39
44 51 39
45 51 39
46 51 39
47 51 39
48 51 39
49 51 39
50 51 39
51 51 39
52 51 39
53 51 39
54 51 39
55 50 39
56 50 39
57 50 39
58 50 39
59 50 39
60 50 39
61 50 39
62 50 39
63 50 39
64 50 39
65 50 39
66 50 39
67 50 39
68 50 39
69 50 39
70 50 39
71 50 39
72 50 39
73 49 39
end
obstacle 83
0 38 5
1 38 6
2 38 7
3 38 8
4 38 9
5 38 10
6 38 11
7 38 12
8 39 12
9 40 12
10 40 13
11 41 13
12 41 14
13 42 14
14 42 15
15 42 16
16 42 17
17 42 18
18 42 19
19 42 20
20 42 21
21 42 22
22 42 23
23 42 24
24 42 25
25 43 25
26 43 24
27 44 24
28 44 23
29 44 24
30 45 24
31 46 24
32 47 24
33 47 25
34 47 26
35 47 27
36 47 28
37 47 29
38 47 30
39 47 31
40 48 31
41 48 32
42 49 32
43 49 33
44 49 34
45 49 35
46 49 36
47 49 37
48 49 38
49 49 39
50 50 39
51 50 40
52 50 41
53 51 41
54 52 41
55 52 42
56 53 42
57 53 43
58 54 43
59 55 43
60 56 43
61 57 43
62 58 43
end
obstacle 84
0 53 61
1 53 60
2 53 59
3 53 58
4 53 57
5 53 56
6 53 55
7 53 54
8 53 53
9 52 53
10 52 52
11 51 52
12 51 51
13 50 51
14 50 50
15 49 50
16 49 49
17 48 49
18 47 49
19 47 48
20 46 48
21 46 47
22 46 47
23 46 46
24 46 45
25 46 44
26 46 43
27 46 42
28 47 42
29 47 41
30 48 41
31 48 40
32 49 40
33 49 39
34 50 39
35 50 38
36 50 37
37 50 36
38 50 35
39 50 34
40 50 33
41 50 32
42 50 31
43 50 30
44 50 29
45 50 28
46 50 27
47 50 26
48 50 25
49 49 25
50 48 25
51 48 24
52 47 24
53 47 23
54 47 23
55 47 23
56 47 23
57 47 23
58 47 23
59 47 23
60 47 23
61 47 23
62 47 23
63 47 23
64 47 23
65 47 23
66 47 23
67 47 23
68 47 23
69 47 23
70 47 23
71 47 23
72 47 23
73 47 23
74 47 23
75 47 23
76 47 23
77 47 23
78 47 23
79 47 23
80 47 23
81 47 23
82 47 23
83 47 23
84 47 23
85 47 23
86 47 23
87 47 23
88 47 23
89 47 23
90 47 23
91 47 23
92 47 23
93 47 23
94 47 23
95 47 23
96 47 23
97 47 23
98 47 23
99 47 23
100 47 23
101 47 23
102 47 23
103 47 23
104 47 23
105 47 23
106 47 23
107 47 23
108 47 23
109 47 23
110 47 23
111 47 23
112 47 23
113 47 23
114 47 23
115 47 23
116 47 23
117 47 23
118 46 23
end
obstacle 85
0 21 37
1 21 38
2 21 39
3 21 40
4 21 41
5 21 42
6 21 43
7 21 44
8 21 45
9 22 45
10 22 46
11 23 46
12 23 47
13 24 47
14 24 48
15 25 48
16 25 49
17 25 50
18 26 50
19 26 51
20 27 51
21 27 52
22 28 52
23 28 53
24 29 53
25 29 54
26 29 55
27 30 55
28 30 56
29 30 57
30 31 57
31 31 58
32 32 58
33 33 58
34 34 58
35 35 58
36 36 58
37 37 58
38 38 58
39 39 58
40 40 58
41 40 59
42 40 59
43 40 59
44 40 59
45 40 59
46 40 59
47 40 59
48 40 59
49 40 59
50 40 59
51 40 59
52 40 59
53 40 59
54 40 59
55 40 59
56 40 59
57 40 59
58 40 59
59 40 59
60 40 59
61 40 59
62 40 59
63 40 59
64 40 59
65 40 59
66 40 59
67 40 59
68 40 59
69 40 59
70 40 59
71 40 59
72 40 59
73 40 59
74 40 59
75 40 59
76 40 59
77 40 58
end
obstacle 86
0 52 42
1 52 41
2 52 40
3 52 39
4 52 38
5 52 37
6 52 36
7 52 35
8 52 34
9 52 33
10 52 32
11 52 31
12 52 30
13 52 29
14 52 28
15 52 27
16 52 26
17 52 25
18 51 25
19 50 25
20 49 25
21 48 25
22 48 24
23 47 24
24 47 23
25 46 23
26 46 22
27 46 21
28 46 20
29 46 19
30 46 18
31 46 17
32 46 16
33 46 15
34 46 14
35 46 13
36 46 12
37 46 11
38 45 11
39 45 10
40 44 10
41 44 9
42 43 9
43 43 8
44 42 8
45 42 7
46 41 7
47 41 6
48 40 6
49 39 6
50 38 6
51 37 6
end
obstacle 87
0 31 14
1 31 15
2 31 16
3 31 17
4 32 17
5 32 18
6 33 18
7 33 19
8 33 20
9 33 21
10 34 21
11 35 21
12 35 20
13 35 21
14 36 21
15 36 22
16 36 23
17 36 24
18 36 25
19 37 25
20 37 26
21 38 26
22 38 27
23 38 28
24 39 28
25 40 28
26 41 28
27 42 28
28 42 27
29 42 26
30 42 25
31 43 25
32 43 24
33 44 24
34 44 23
35 44 24
36 45 24
37 46 24
38 46 25
39 47 25
40 47 26
41 47 27
42 47 28
43 47 29
44 47 30
45 47 31
46 48 31
47 48 32
48 48 32
49 48 32
50 48 32
51 49 32
52 49 33
53 49 34
54 49 35
55 49 36
56 49 37
57 49 38
58 49 39
59 49 39
60 49 39
61 49 39
62 49 39
63 49 39
64 49 40
65 48 40
66 48 41
67 48 42
68 47 42
69 47 43
70 47 44
71 47 45
72 47 46
73 47 47
74 47 48
75 47 49
end
obstacle 88
0 22 34
1 22 35
2 22 36
3 22 37
4 22 38
5 22 39
6 23 39
7 24 39
8 25 39
9 26 39
10 27 39
11 28 39
12 28 38
13 28 39
14 29 39
15 30 39
16 31 39
17 32 39
18 33 39
19 34 39
20 35 39
21 36 39
22 37 39
23 38 39
24 39 39
25 40 39
26 41 39
27 42 39
28 42 40
29 42 41
30 42 42
31 43 42
32 44 42
33 44 43
34 45 43
35 46 43
36 46 44
37 46 44
38 46 44
39 47 44
40 47 44
41 46 44
42 46 44
43 46 44
44 46 44
45 47 44
46 47 43
47 47 42
48 47 41
49 47 41
50 47 41
51 47 41
52 48 41
53 49 41
54 50 41
55 51 41
56 51 40
57 51 39
58 52 39
59 53 39
60 54 39
61 55 39
end
obstacle 89
0 25 40
1 26 40
2 26 39
3 27 39
4 28 39
5 29 39
6 30 39
7 31 39
8 31 38
9 32 38
10 33 38
11 34 38
12 35 38
13 36 38
14 37 38
15 38 38
16 39 38
17 39 37
18 39 36
19 39 35
20 38 35
21 38 34
22 38 33
23 37 33
24 36 33
25 36 32
26 35 32
27 36 32
28 36 31
29 36 30
30 35 30
31 36 30
32 36 29
33 37 29
34 38 29
35 39 29
36 39 28
37 40 28
38 41 28
39 42 28
40 42 27
41 43 27
42 43 26
43 43 25
44 43 24
45 44 24
46 45 24
47 46 24
48 46 25
49 47 25
50 47 26
51 47 27
52 47 28
53 48 28
54 48 28
55 49 28
56 50 28
57 51 28
58 52 28
59 53 28
60 54 28
61 54 28
62 54 28
63 54 28
64 54 28
65 54 28
66 54 28
67 54 28
68 54 28
69 54 28
70 54 28
71 54 28
72 54 28
73 54 28
74 54 28
75 54 28
76 54 28
77 54 28
78 54 28
79 54 28
80 54 28
81 54 28
82 55 28
end
obstacle 90
0 35 9
1 35 10
2 35 11
3 35 12
4 35 13
5 35 14
6 35 15
7 35 16
8 35 17
9 36 17
10 36 18
11 36 19
12 36 20
13 37 20
14 37 21
15 37 22
16 37 23
17 37 24
18 38 24
19 38 25
20 39 25
21 40 25
22 41 25
23 41 25
24 41 26
25 42 26
26 43 26
27 43 25
28 43 24
29 43 23
30 44 23
31 45 23
32 46 23
33 46 24
34 46 25
35 47 25
36 47 26
37 47 27
38 47 28
39 47 29
40 47 30
41 48 30
42 49 30
43 49 30
44 50 30
45 51 30
46 52 30
47 53 30
48 54 30
49 55 30
50 56 30
51 57 30
52 58 30
53 59 30
54 60 30
55 61 30
56 62 30
57 63 30
58 64 30
59 65 30
end
obstacle 91
0 51 50
1 51 49
2 51 48
3 50 48
4 50 47
5 49 47
6 49 46
7 48 46
8 48 45
9 47 45
10 47 44
11 47 43
12 47 42
13 48 42
14 48 41
15 49 41
16 50 41
17 51 41
18 51 40
19 52 40
20 53 40
21 54 40
22 55 40
23 56 40
24 57 40
25 58 40
26 58 39
27 58 38
28 58 37
29 58 36
30 58 35
31 58 34
32 58 33
33 58 32
34 58 31
35 58 30
36 58 29
37 58 28
38 58 27
39 58 26
40 58 25
41 58 24
42 58 23
43 58 22
end
obstacle 92
0 70 41
1 70 42
2 70 43
3 70 44
4 70 45
5 70 46
6 70 47
7 70 48
8 70 49
9 69 49
10 68 49
11 68 50
12 68 51
13 68 52
14 68 53
15 68 54
16 68 55
17 67 55
18 66 55
19 65 55
20 65 54
21 64 54
22 64 53
23 63 53
24 63 52
25 63 52
26 63 52
27 63 52
28 63 52
29 63 52
30 63 53
31 62 53
32 61 53
33 61 54
34 60 54
35 60 55
36 60 56
37 59 56
38 58 56
39 57 56
40 56 56
41 55 56
42 54 56
43 53 56
44 52 56
45 51 56
46 50 56
47 49 56
48 49 56
49 49 56
50 49 56
51 49 56
52 49 56
53 49 56
54 49 56
55 49 56
56 49 56
57 49 56
58 49 56
59 49 56
60 49 56
61 49 56
62 49 56
63 49 56
64 49 56
65 49 56
66 49 56
67 49 56
68 48 56
end
obstacle 93
0 79 49
1 79 48
2 79 47
3 79 46
4 78 46
5 78 45
6 78 44
7 78 43
8 77 43
9 77 42
10 76 42
11 76 41
12 75 41
13 75 40
14 74 40
15 74 39
16 73 39
17 72 39
18 71 39
19 71 40
20 70 40
21 70 41
22 69 41
23 68 41
24 68 42
25 67 42
26 67 43
27 66 43
28 66 44
29 65 44
30 64 44
31 63 44
32 63 43
33 63 42
34 62 42
35 61 42
36 61 41
37 61 40
38 61 39
39 61 38
40 61 37
41 61 36
42 61 35
43 61 34
44 61 33
45 61 32
46 60 32
47 59 32
48 58 32
49 57 32
50 56 32
51 55 32
52 54 32
53 53 32
54 52 32
55 51 32
56 50 32
57 49 32
58 49 33
59 49 34
60 49 35
61 49 36
62 49 37
63 49 38
64 49 39
65 49 40
66 48 40
67 48 41
68 47 41
69 47 42
70 46 42
71 45 42
72 44 42
73 44 41
74 43 41
75 43 40
76 42 40
77 42 39
78 41 39
79 41 38
80 40 38
81 40 37
82 39 37
83 39 36
84 39 35
85 38 35
86 38 34
87 38 33
88 37 33
89 36 33
90 36 32
91 36 31
92 36 30
93 36 29
94 36 28
95 35 28
96 34 28
97 33 28
98 32 28
99 32 27
100 31 27
101 30 27
end
obstacle 94
0 33 21
1 34 21
2 35 21
3 36 21
4 36 22
5 36 23
6 36 24
7 36 25
8 37 25
9 37 26
10 38 26
11 38 27
12 38 28
13 38 29
14 39 29
15 38 29
16 37 29
17 37 29
18 36 29
19 36 30
20 36 31
21 36 32
22 36 33
23 36 34
24 36 35
25 36 36
26 36 37
27 36 38
28 36 39
29 36 40
30 36 41
31 36 42
32 36 43
33 36 44
34 37 44
35 37 45
36 38 45
37 38 46
38 39 46
39 39 47
40 40 47
41 40 48
42 41 48
43 41 49
44 42 49
45 42 50
46 43 50
47 43 51
48 44 51
49 45 51
50 45 52
51 45 53
52 45 54
53 46 54
54 46 55
55 47 55
56 47 56
57 48 56
58 48 57
59 48 58
60 48 59
61 48 60
62 48 61
63 47 61
64 46 61
65 45 61
66 44 61
67 44 62
68 44 62
69 44 62
70 44 61
end
obstacle 95
0 49 31
1 49 32
2 49 33
3 49 34
4 49 35
5 49 36
6 49 37
7 49 38
8 49 39
9 49 40
10 49 41
11 48 41
12 47 41
13 47 42
14 47 43
15 47 44
16 47 45
17 47 46
18 47 47
19 46 47
20 45 47
21 45 48
22 45 49
23 45 50
24 45 51
25 45 52
26 45 53
27 45 54
28 46 54
29 46 55
30 47 55
31 47 56
32 48 56
33 48 57
34 48 58
35 48 59
36 48 60
37 48 61
38 47 61
39 46 61
40 45 61
41 44 61
42 43 61
43 43 60
44 42 60
45 41 60
46 40 60
47 39 60
48 39 59
49 39 58
50 38 58
51 37 58
52 36 58
53 35 58
end
obstacle 96
0 79 45
1 79 44
2 78 44
3 78 43
4 77 43
5 77 42
6 76 42
7 76 41
8 75 41
9 75 40
10 74 40
11 73 40
12 72 40
13 72 40
14 72 40
15 72 40
16 72 40
17 72 40
18 72 40
19 72 40
20 72 40
21 72 40
22 72 40
23 72 40
24 72 40
25 72 40
26 72 40
27 71 40
28 70 40
end
obstacle 97
0 48 46
1 48 45
2 47 45
3 47 44
4 47 43
5 47 42
6 47 41
7 48 41
8 48 40
9 48 40
10 48 40
11 48 40
12 49 40
13 49 39
14 49 38
15 49 37
16 49 36
17 49 35
18 48 35
19 48 35
20 48 35
21 48 35
22 48 35
23 48 35
24 48 35
25 48 35
26 48 35
27 48 35
28 48 35
29 48 35
30 48 35
31 49 35
32 49 34
33 49 33
34 49 32
35 49 31
36 49 30
37 49 29
38 48 29
39 48 29
40 48 29
41 48 29
42 48 29
43 48 29
44 47 29
end
obstacle 98
0 62 75
1 62 74
2 62 73
3 62 72
4 62 71
5 62 70
6 63 70
7 63 69
8 64 69
9 64 68
10 64 67
11 64 66
12 64 65
13 64 64
14 64 63
15 64 62
16 64 61
17 64 60
18 64 59
19 63 59
20 63 58
21 62 58
22 62 57
23 61 57
24 61 56
25 60 56
26 60 55
27 59 55
28 58 55
29 58 54
30 57 54
31 56 54
32 55 54
33 54 54
end
obstacle 99
0 48 25
1 48 26
2 48 27
3 48 28
4 48 29
5 48 30
6 48 31
7 48 32
8 49 32
9 49 33
10 49 34
11 49 35
12 49 36
13 49 37
14 50 37
15 50 38
16 50 39
17 50 40
18 50 40
19 51 40
20 52 40
21 52 41
22 53 41
23 54 41
24 55 41
25 55 42
26 55 43
27 56 43
28 57 43
29 57 44
30 57 45
31 58 45
32 58 45
33 58 45
34 58 44
35 59 44
36 59 43
37 60 43
38 61 43
39 62 43
40 62 44
41 63 44
42 63 45
43 64 45
44 64 46
45 65 46
46 65 47
47 65 48
48 65 49
49 65 50
50 65 51
51 65 52
52 65 53
53 65 54
54 65 55
55 66 55
56 67 55
57 68 55
58 69 55
59 70 55
60 71 55
61 72 55
62 73 55
63 74 55
64 74 56
65 74 56
66 74 56
67 74 56
68 74 56
69 74 56
70 74 56
71 74 56
72 74 56
73 74 56
74 74 56
75 74 56
76 74 56
77 74 56
78 74 56
79 74 56
80 74 56
81 74 56
82 74 56
83 74 56
84 74 56
85 74 56
86 74 56
87 74 56
88 74 56
89 74 56
90 74 56
91 74 56
92 74 55
93 75 55
end
obstacle 100
0 19 34
1 19 35
2 19 36
3 19 37
4 19 38
5 20 38
6 21 38
7 22 38
8 23 38
9 24 38
10 25 38
11 26 38
12 27 38
13 28 38
14 29 38
15 30 38
16 31 38
17 32 38
18 33 38
19 34 38
20 35 38
21 36 38
22 37 38
23 38 38
24 39 38
end
obstacle 101
0 62 57
1 61 57
2 61 56
3 60 56
4 59 56
5 59 56
6 59 55
7 58 55
8 58 54
9 57 54
10 56 54
11 55 54
12 54 54
13 53 54
14 52 54
15 51 54
16 50 54
17 49 54
18 48 54
19 47 54
20 46 54
21 45 54
22 45 53
23 44 53
24 44 52
25 44 51
26 43 51
27 43 50
28 42 50
29 42 49
30 41 49
31 41 48
32 40 48
33 40 47
34 40 46
35 39 46
36 39 45
37 38 45
38 38 44
39 37 44
40 36 44
41 36 43
42 35 43
43 35 42
44 35 41
45 35 40
46 34 40
47 33 40
48 32 40
49 32 39
50 31 39
51 30 39
52 29 39
53 28 39
54 27 39
55 26 39
56 26 40
57 26 41
58 26 42
59 26 43
60 26 44
61 26 45
62 26 46
63 26 47
64 26 48
65 26 49
66 26 50
67 26 51
68 27 51
69 27 52
70 28 52
71 29 52
72 29 53
73 29 54
74 30 54
75 31 54
end
obstacle 102
0 56 68
1 55 68
2 54 68
3 54 69
4 53 69
5 52 69
6 51 69
7 51 68
8 50 68
9 50 67
10 50 66
11 50 65
12 50 64
13 50 63
14 50 62
15 50 61
16 50 60
17 50 59
18 50 58
19 50 57
20 50 56
21 50 55
22 50 54
23 50 53
24 50 52
25 50 51
26 50 50
27 50 49
28 50 48
29 49 48
30 48 48
31 48 47
32 47 47
33 47 46
34 47 45
35 46 45
36 46 45
37 46 45
38 46 45
39 46 44
40 45 44
41 45 43
42 45 42
43 44 42
44 44 41
45 43 41
46 43 40
47 42 40
48 42 39
49 41 39
50 41 38
51 40 38
52 40 37
53 39 37
54 39 36
55 39 35
56 38 35
57 38 34
58 38 33
59 37 33
60 36 33
61 36 32
62 36 31
63 36 30
64 36 29
65 37 29
66 38 29
67 39 29
68 40 29
69 40 28
70 41 28
71 42 28
72 42 27
73 42 26
74 42 25
75 43 25
76 43 24
77 44 24
78 45 24
79 45 23
80 46 23
81 46 22
82 46 21
83 46 20
84 47 20
85 47 19
86 47 18
87 47 17
88 47 16
89 47 15
end
obstacle 103
0 35 19
1 35 20
2 36 20
3 37 20
4 37 21
5 37 22
6 37 23
7 37 24
8 38 24
9 38 25
10 39 25
11 39 26
12 39 27
13 40 27
14 41 27
15 41 26
16 42 26
17 43 26
18 43 25
19 43 24
20 44 24
21 45 24
22 45 23
23 45 24
24 46 24
25 47 24
26 47 25
27 47 26
28 47 27
29 47 28
30 47 29
31 47 30
32 47 31
33 48 31
34 48 32
35 49 32
36 49 33
37 49 34
38 49 35
39 49 36
40 48 36
41 47 36
end
obstacle 104
0 40 27
1 41 27
2 41 26
3 41 26
4 41 25
5 41 24
6 41 23
7 41 22
8 41 21
9 41 20
10 41 19
11 41 18
12 41 17
13 41 16
14 41 16
15 41 16
16 42 16
17 42 15
18 42 14
19 42 13
20 42 12
21 41 12
end
obstacle 105
0 47 20
1 46 20
2 46 21
3 46 22
4 46 23
5 45 23
6 44 23
7 43 23
8 43 23
9 43 24
10 42 24
11 42 25
12 41 25
13 41 26
14 40 26
15 40 27
16 40 28
17 40 29
18 39 29
19 39 29
20 38 29
21 37 29
22 36 29
23 36 30
24 36 31
25 35 31
26 35 31
27 35 32
28 36 32
29 36 33
30 36 34
31 36 35
32 36 36
33 36 37
34 36 38
35 36 39
36 36 40
37 36 41
38 36 42
39 36 43
40 37 43
41 37 44
42 38 44
43 39 44
44 40 44
end
obstacle 106
0 31 28
1 31 29
2 32 29
3 33 29
4 33 30
5 33 31
6 33 32
7 33 33
8 33 34
9 33 35
10 33 36
11 33 37
12 33 38
13 33 39
14 33 40
15 33 41
16 34 41
17 34 42
18 35 42
19 35 43
20 36 43
21 36 44
22 37 44
23 37 45
24 38 45
25 38 46
26 39 46
27 39 47
28 40 47
29 40 48
30 41 48
31 42 48
32 43 48
33 44 48
34 45 48
35 46 48
36 47 48
37 48 48
38 49 48
39 50 48
40 51 48
41 51 49
42 52 49
43 53 49
44 53 50
45 54 50
46 54 51
47 55 51
48 56 51
49 56 52
50 57 52
51 57 53
52 58 53
53 58 54
54 58 55
55 59 55
56 59 55
57 59 55
58 59 55
59 59 55
60 59 55
61 59 55
62 59 55
63 59 55
64 59 55
65 60 55
66 60 54
67 61 54
68 61 53
69 62 53
70 63 53
71 64 53
72 65 53
73 66 53
74 67 53
75 68 53
76 68 52
77 68 51
78 68 50
79 69 50
80 69 49
81 70 49
82 71 49
83 71 48
84 72 48
85 73 48
86 73 47
87 74 47
88 75 47
89 76 47
90 77 47
91 77 48
92 78 48
93 79 48
94 80 48
95 81 48
end
obstacle 107
0 17 23
1 17 24
2 16 24
3 15 24
4 14 24
5 14 25
6 14 26
7 13 26
8 12 26
9 11 26
end
obstacle 108
0 73 57
1 73 56
2 73 55
3 72 55
4 71 55
5 70 55
6 69 55
7 68 55
8 68 54
9 68 53
10 68 52
11 68 51
12 67 51
13 67 50
14 67 49
15 67 48
16 67 47
17 67 46
18 67 45
19 66 45
20 65 45
21 64 45
22 63 45
23 63 44
24 63 43
25 63 42
26 62 42
27 62 41
28 62 40
29 62 39
30 62 38
31 62 37
32 62 36
33 62 35
34 62 34
35 62 33
36 62 32
37 62 31
38 62 30
39 62 29
40 62 28
41 62 27
42 62 26
43 61 26
44 60 26
45 60 25
46 59 25
47 58 25
48 57 25
49 56 25
50 55 25
51 54 25
52 53 25
53 52 25
54 51 25
55 50 25
56 49 25
57 48 25
58 48 24
59 47 24
60 46 24
61 46 23
62 46 22
63 46 21
64 46 20
65 46 19
66 46 18
67 46 17
68 46 16
69 46 15
70 46 14
71 46 13
72 46 12
73 46 11
74 45 11
75 45 10
76 44 10
77 44 9
78 43 9
79 43 8
80 42 8
end
obstacle 109
0 52 72
1 52 71
2 52 70
3 51 70
4 50 70
5 50 69
6 49 69
7 49 68
8 49 67
9 49 66
10 49 65
11 49 64
12 49 63
13 49 62
14 49 61
15 49 60
16 49 59
17 49 58
18 49 57
19 49 56
20 49 55
21 49 54
22 49 53
23 48 53
24 47 53
25 46 53
26 46 53
27 46 52
28 46 51
29 46 50
30 46 49
31 46 48
32 45 48
33 45 47
34 45 46
35 45 45
36 45 45
37 45 45
38 45 45
39 45 45
40 45 45
41 45 44
42 45 44
43 45 44
44 45 44
45 45 44
46 45 44
47 45 44
48 45 43
49 45 42
50 45 42
51 45 42
52 45 42
53 45 42
54 45 42
55 45 43
end
obstacle 110
0 58 44
1 57 44
2 57 43
3 56 43
4 55 43
5 54 43
6 54 42
7 54 42
8 54 42
9 54 42
10 54 42
11 54 42
12 54 42
13 53 42
14 53 43
15 53 43
16 53 42
17 52 42
18 52 41
19 51 41
20 50 41
21 49 41
22 48 41
23 48 42
24 47 42
25 46 42
26 45 42
27 45 43
28 45 44
29 45 45
30 45 46
31 45 47
32 44 47
33 43 47
34 43 48
35 43 49
36 43 50
37 43 51
38 44 51
39 44 52
40 44 53
41 45 53
42 45 54
43 46 54
44 46 55
45 47 55
46 47 56
47 48 56
48 48 57
49 48 58
50 48 59
51 48 60
52 48 61
53 48 62
54 48 63
55 48 64
56 48 65
57 48 66
58 47 66
59 46 66
60 45 66
61 44 66
62 43 66
63 42 66
64 41 66
end
obstacle 111
0 54 60
1 55 60
2 56 60
3 57 60
4 58 60
5 58 59
6 59 59
7 60 59
8 61 59
9 62 59
10 62 59
11 62 59
12 62 59
13 63 59
14 63 58
15 62 58
16 62 57
17 61 57
18 61 56
19 60 56
20 60 55
21 60 54
22 61 54
23 61 53
24 62 53
25 63 53
26 64 53
27 64 54
28 65 54
29 65 55
30 66 55
31 66 56
32 67 56
33 68 56
34 69 56
35 70 56
36 71 56
37 72 56
38 73 56
end
obstacle 112
0 30 50
1 30 51
2 30 52
3 30 53
4 30 54
5 30 55
6 30 56
7 30 57
8 31 57
9 31 58
10 32 58
11 32 59
12 33 59
13 33 60
14 34 60
15 34 61
16 34 62
17 35 62
18 36 62
19 37 62
20 37 63
21 38 63
22 39 63
23 39 64
24 40 64
25 40 65
26 40 66
27 41 66
28 41 67
29 41 68
30 42 68
31 43 68
32 44 68
33 45 68
34 45 69
35 46 69
36 46 70
37 47 70
38 48 70
39 49 70
40 50 70
41 51 70
42 52 70
43 53 70
44 54 70
45 55 70
46 56 70
47 57 70
48 57 69
49 57 68
50 58 68
51 58 67
52 58 66
53 58 65
54 58 64
55 58 63
56 58 62
57 58 61
58 58 60
59 58 59
60 59 59
61 60 59
62 60 60
63 61 60
64 61 61
65 61 62
66 62 62
67 62 63
68 63 63
69 63 64
70 63 65
71 64 65
72 64 66
73 64 67
74 64 68
75 64 69
76 64 70
77 64 71
78 64 72
79 65 72
end
obstacle 113
0 37 34
1 37 33
2 36 33
3 36 32
4 36 31
5 36 30
6 36 29
7 36 28
8 37 28
9 38 28
10 39 28
11 40 28
12 41 28
13 42 28
14 42 27
15 42 26
16 43 26
17 43 25
18 43 24
19 44 24
20 45 24
21 45 23
22 46 23
23 46 22
24 46 21
25 46 20
26 47 20
27 47 19
28 47 18
29 47 17
30 47 16
31 47 15
32 47 14
end
obstacle 114
0 61 60
1 60 60
2 60 59
3 59 59
4 58 59
5 57 59
6 57 60
7 57 61
8 56 61
9 56 62
10 55 62
11 54 62
12 53 62
13 53 63
14 52 63
15 51 63
16 50 63
17 50 64
18 50 65
19 50 66
20 50 67
21 50 68
22 50 69
23 50 70
24 50 71
25 51 71
26 52 71
27 53 71
end
obstacle 115
0 24 21
1 24 22
2 24 23
3 25 23
4 25 24
5 26 24
6 26 25
7 27 25
8 28 25
9 28 26
10 29 26
11 29 27
12 30 27
13 30 28
14 31 28
15 31 29
16 32 29
17 33 29
18 33 30
19 33 31
20 33 32
21 33 33
22 33 34
23 34 34
24 35 34
25 36 34
26 37 34
27 37 35
28 37 36
29 37 37
30 38 37
31 38 38
32 38 39
33 39 39
34 40 39
35 41 39
36 41 40
37 41 40
38 42 40
39 42 41
40 43 41
41 43 42
42 43 42
43 43 42
44 43 42
45 43 42
46 43 42
47 43 42
48 43 42
49 44 42
50 44 42
51 44 42
52 44 42
53 44 42
54 44 42
55 45 42
56 46 42
57 47 42
58 48 42
59 48 41
60 49 41
61 50 41
62 51 41
63 52 41
64 52 40
65 52 39
66 53 39
67 54 39
68 54 38
69 55 38
70 56 38
71 57 38
72 57 37
73 57 36
74 57 35
75 57 34
end
obstacle 116
0 52 28
1 52 27
2 52 26
3 52 25
4 51 25
5 50 25
6 49 25
7 48 25
8 48 24
9 47 24
10 46 24
11 46 23
12 46 22
13 46 21
14 46 20
15 46 19
16 46 18
17 46 17
18 46 16
19 46 15
20 46 14
21 46 13
22 46 12
23 46 11
24 45 11
25 45 10
26 44 10
27 44 9
28 43 9
29 43 8
30 42 8
31 42 7
32 41 7
33 41 6
34 40 6
35 40 5
36 39 5
end
obstacle 117
0 50 39
1 50 38
2 50 37
3 50 36
4 50 35
5 50 34
6 50 33
7 50 32
8 50 31
9 50 30
10 50 29
11 50 28
12 50 27
13 50 26
14 50 26
15 51 26
16 51 25
17 51 24
18 52 24
19 53 24
20 53 23
end
obstacle 118
0 44 15
1 44 14
2 44 13
3 44 12
4 44 11
5 43 11
6 42 11
7 41 11
8 40 11
9 39 11
10 38 11
11 37 11
12 36 11
13 35 11
14 34 11
15 33 11
end
obstacle 119
0 49 61
1 50 61
2 51 61
3 52 61
4 53 61
5 54 61
6 55 61
7 55 60
8 55 59
9 55 58
10 55 57
11 55 56
12 55 55
13 55 54
14 55 53
15 55 52
16 55 52
17 55 52
18 55 52
19 55 52
20 55 52
21 55 51
22 54 51
23 54 50
24 53 50
25 53 49
26 52 49
27 52 48
28 51 48
29 51 47
30 51 47
31 51 47
32 51 47
33 50 47
34 50 48
35 50 48
36 50 47
37 49 47
38 49 46
39 48 46
40 48 46
41 48 46
42 48 46
43 48 45
44 47 45
45 47 45
46 47 44
47 47 43
48 47 42
49 47 42
50 47 42
51 47 42
52 47 41
53 48 41
54 49 41
55 50 41
56 51 41
57 51 40
58 51 39
59 52 39
60 53 39
61 53 38
62 53 38
63 53 38
64 53 38
65 53 38
66 53 38
67 53 38
68 53 38
69 54 38
70 55 38
end
obstacle 120
0 51 16
1 50 16
2 50 17
3 49 17
4 49 18
5 48 18
6 48 19
7 47 19
8 47 20
9 46 20
10 46 21
11 46 22
12 45 22
13 45 23
14 45 24
15 46 24
16 46 25
17 47 25
18 47 26
19 47 27
20 47 28
21 48 28
22 48 29
23 48 30
24 48 31
25 48 32
26 49 32
27 49 33
28 49 34
29 49 35
30 49 36
31 49 37
32 49 38
33 50 38
34 51 38
35 51 38
36 50 38
37 50 38
38 50 38
39 50 38
40 50 38
41 50 38
42 50 38
43 50 38
44 50 38
45 50 38
46 50 38
47 50 38
48 50 38
49 49 38
50 49 38
51 49 38
52 49 38
53 49 38
54 50 38
55 50 38
56 50 38
57 50 38
58 50 38
59 50 38
60 50 38
61 50 38
62 50 38
63 50 38
64 49 38
65 49 39
66 49 40
67 48 40
68 48 41
69 48 42
70 47 42
71 47 43
72 47 44
73 47 45
74 47 46
75 47 47
76 47 48
77 48 48
78 49 48
79 49 49
80 49 50
81 49 51
82 49 52
83 49 53
84 49 54
85 50 54
86 51 54
87 52 54
end
obstacle 121
0 59 65
1 59 64
2 58 64
3 58 63
4 58 62
5 58 61
6 58 60
7 58 59
8 58 58
9 58 57
10 58 56
11 58 55
12 58 54
13 58 53
14 57 53
15 57 52
16 56 52
17 56 51
18 55 51
19 54 51
20 54 50
21 53 50
22 53 49
23 52 49
24 51 49
25 51 49
26 51 49
27 51 49
28 51 49
29 51 49
30 51 49
31 51 49
32 51 49
33 51 49
34 51 49
35 51 48
36 51 47
37 50 47
38 49 47
39 49 46
40 49 46
41 49 46
42 49 46
43 48 46
44 48 45
45 48 45
46 47 45
47 47 44
48 47 43
49 46 43
50 46 42
51 46 42
52 46 42
53 46 42
54 47 42
55 48 42
56 48 41
57 49 41
58 50 41
59 51 41
60 52 41
61 52 40
62 52 39
63 52 38
64 52 37
65 53 37
end
obstacle 122
0 42 60
1 43 60
2 43 61
3 44 61
4 45 61
5 46 61
6 47 61
7 48 61
8 49 61
9 50 61
10 51 61
11 52 61
12 53 61
13 54 61
14 55 61
15 56 61
16 57 61
17 58 61
18 58 60
19 58 59
20 59 59
21 59 58
22 60 58
23 61 58
24 61 58
25 61 57
26 61 56
27 60 56
28 60 55
29 59 55
30 59 55
31 59 55
32 59 55
33 59 55
34 59 55
35 59 55
36 60 55
37 60 54
38 61 54
39 61 53
40 62 53
41 63 53
42 64 53
43 65 53
44 65 52
45 65 51
46 65 50
47 65 49
48 66 49
49 66 48
50 66 47
51 66 46
52 66 45
53 66 44
54 65 44
55 64 44
56 63 44
57 63 43
58 62 43
59 61 43
60 60 43
61 60 42
62 60 41
63 61 41
64 61 40
65 61 39
66 62 39
67 62 38
68 63 38
69 63 37
70 63 36
71 64 36
72 65 36
73 65 35
74 65 34
75 65 33
76 65 32
77 65 31
end
obstacle 123
0 66 66
1 66 65
2 66 64
3 66 63
4 66 62
5 66 61
6 65 61
7 65 60
8 65 60
9 64 60
10 64 59
11 63 59
12 63 58
13 62 58
14 62 57
15 61 57
16 61 56
17 60 56
18 60 55
19 59 55
20 59 55
21 60 55
22 60 54
23 61 54
24 61 53
25 62 53
26 63 53
27 64 53
28 64 52
29 64 51
30 63 51
31 62 51
end
obstacle 124
0 55 61
1 55 62
2 54 62
3 53 62
4 53 63
5 52 63
6 51 63
7 50 63
8 50 64
9 49 64
10 49 64
11 50 64
12 49 64
13 49 65
14 49 65
15 49 65
16 49 65
17 49 65
18 49 65
19 50 65
end
obstacle 125
0 48 19
1 47 19
2 47 20
3 46 20
4 46 21
5 46 22
6 46 23
7 47 23
8 47 24
9 47 25
10 48 25
11 49 25
12 50 25
13 51 25
14 52 25
15 53 25
16 54 25
17 55 25
18 56 25
19 57 25
20 57 24
21 57 23
22 57 23
23 57 23
24 57 23
25 57 23
26 57 23
27 57 23
28 57 23
29 57 23
30 57 23
31 57 23
32 57 23
33 57 23
34 57 23
35 57 23
36 57 23
37 57 23
38 57 23
39 57 23
40 57 23
41 57 23
42 57 23
43 58 23
end
obstacle 126
0 57 23
1 57 24
2 57 25
3 57 26
4 57 27
5 57 28
6 57 29
7 57 30
8 57 31
9 57 32
10 57 33
11 57 34
12 57 35
13 57 36
14 57 37
15 57 38
16 57 39
17 57 40
18 57 41
19 57 42
20 58 42
21 58 43
22 59 43
23 60 43
24 61 43
25 62 43
26 62 43
27 63 43
28 63 44
29 63 45
30 64 45
31 64 46
32 64 46
33 64 46
34 65 46
35 65 47
36 65 48
37 65 49
38 65 50
39 65 51
40 65 52
41 64 52
42 63 52
43 63 52
44 63 53
45 62 53
46 61 53
47 61 54
48 60 54
49 60 55
50 60 56
51 60 57
52 60 58
53 60 59
54 60 60
55 61 60
56 61 61
57 61 62
58 62 62
59 62 63
60 63 63
61 63 64
62 63 65
63 64 65
64 64 66
65 64 67
66 64 68
67 64 69
68 64 70
69 64 71
70 64 72
71 64 73
72 64 74
73 63 74
74 63 75
75 62 75
76 62 76
77 61 76
78 60 76
end
obstacle 127
0 68 53
1 67 53
2 66 53
3 65 53
4 65 52
5 64 52
6 63 52
7 63 51
8 63 51
9 63 51
10 63 51
11 63 51
12 63 51
13 63 51
14 63 51
15 63 51
16 63 51
17 63 51
18 63 51
19 63 51
20 63 51
21 63 51
22 63 51
23 63 51
24 63 51
25 63 51
26 63 51
27 63 51
28 63 51
29 63 51
30 63 52
31 63 51
32 63 51
33 63 51
34 63 51
35 63 51
36 63 51
37 63 51
38 63 51
39 63 51
40 63 51
41 63 51
42 63 51
43 63 51
44 63 52
45 63 52
46 63 52
47 63 52
48 63 52
49 63 52
50 63 52
51 63 52
52 63 52
53 63 52
54 63 52
55 63 52
56 63 53
57 62 53
58 61 53
59 61 54
60 60 54
61 60 55
62 60 56
63 60 57
64 60 58
65 59 58
66 58 58
67 58 58
68 58 59
69 57 59
70 56 59
71 55 59
72 54 59
73 53 59
74 52 59
75 51 59
76 50 59
77 49 59
78 48 59
79 48 60
80 48 61
81 47 61
82 46 61
83 45 61
84 45 62
85 44 62
86 44 63
87 43 63
88 42 63
89 42 62
90 42 61
91 42 60
92 42 59
93 41 59
94 40 59
95 39 59
96 38 59
97 37 59
98 36 59
99 35 59
end
obstacle 128
0 37 18
1 37 19
2 37 20
3 37 21
4 37 22
5 37 23
6 37 24
7 37 25
8 37 26
9 38 26
10 38 27
11 38 28
12 39 28
13 40 28
14 40 27
15 41 27
16 42 27
17 43 27
18 43 26
19 43 25
20 43 24
21 43 24
22 43 24
23 43 24
24 44 24
25 45 24
26 45 23
27 46 23
28 46 24
29 47 24
30 48 24
31 48 25
32 48 26
33 48 27
34 48 28
35 48 29
36 48 30
37 48 31
38 48 32
39 49 32
40 49 33
41 49 34
42 49 35
43 49 36
44 49 37
45 49 38
46 49 39
47 49 40
48 50 40
49 51 40
50 51 41
51 52 41
52 52 42
53 53 42
54 53 43
55 54 43
56 55 43
57 56 43
58 57 43
59 58 43
60 59 43
61 60 43
62 61 43
63 62 43
64 62 44
65 63 44
66 63 45
67 64 45
68 64 46
69 65 46
70 65 47
71 65 48
72 65 49
73 65 50
74 65 51
75 65 52
76 65 53
77 65 53
78 65 53
79 64 53
80 63 53
81 63 52
82 63 52
83 63 53
84 62 53
85 61 53
86 61 54
87 60 54
88 60 55
89 60 56
90 60 57
91 60 58
92 60 59
93 59 59
94 58 59
95 58 60
96 58 61
97 58 62
98 58 63
99 58 64
end
obstacle 129
3 54 68
4 55 68
5 56 68
6 57 68
7 58 68
8 59 68
9 59 67
10 59 66
11 59 65
12 59 64
13 58 64
14 58 63
15 58 62
16 58 61
17 58 60
18 58 59
19 58 58
20 58 57
21 59 57
22 59 56
23 59 56
24 59 56
25 59 56
26 59 56
27 59 56
28 59 56
29 59 56
30 59 56
31 59 56
32 59 56
33 59 56
34 59 56
35 59 56
36 59 55
37 60 55
38 60 54
39 61 54
40 61 53
41 62 53
42 63 53
43 64 53
44 65 53
45 66 53
46 66 52
47 66 51
48 66 50
49 66 49
50 66 48
51 66 47
52 66 46
53 66 45
54 66 44
55 65 44
56 64 44
57 63 44
58 63 43
59 63 43
60 63 43
61 63 43
62 63 43
63 63 43
64 63 43
65 63 43
66 63 43
67 63 43
68 62 43
69 61 43
70 60 43
71 60 42
72 60 41
73 61 41
74 61 40
75 61 39
76 62 39
77 62 38
78 63 38
79 63 37
80 63 36
81 64 36
82 65 36
83 66 36
84 66 35
end
obstacle 130
0 27 22
1 27 23
2 27 24
3 27 25
4 28 25
5 29 25
6 30 25
7 30 26
8 31 26
9 31 27
10 31 28
11 32 28
12 33 28
13 34 28
14 34 29
15 34 29
16 34 29
17 34 28
18 35 28
19 36 28
20 36 29
21 35 29
22 35 29
23 35 28
24 36 28
25 37 28
26 38 28
27 39 28
28 40 28
29 41 28
30 42 28
31 42 27
32 42 26
33 42 25
34 42 24
35 42 24
36 43 24
37 44 24
38 45 24
39 46 24
40 46 25
41 47 25
42 48 25
43 49 25
44 50 25
45 51 25
46 51 24
47 51 24
48 51 24
49 51 24
50 51 24
51 51 24
52 51 24
53 51 24
54 51 24
55 51 25
end
obstacle 131
0 12 36
1 12 37
2 12 38
3 12 39
4 13 39
5 14 39
6 15 39
7 16 39
8 17 39
9 17 40
10 17 41
11 18 41
12 18 42
13 19 42
14 19 43
15 20 43
16 20 44
17 21 44
18 21 45
19 22 45
20 22 46
21 23 46
22 23 47
23 24 47
24 24 48
25 25 48
26 25 49
27 25 50
28 26 50
29 26 51
30 27 51
31 27 52
32 28 52
33 29 52
34 30 52
35 31 52
36 32 52
37 33 52
38 34 52
39 35 52
40 35 53
41 36 53
42 36 54
43 37 54
44 37 55
45 38 55
46 38 56
47 39 56
48 39 57
49 40 57
50 40 58
51 41 58
52 41 59
53 42 59
54 42 60
55 43 60
56 43 61
57 44 61
58 45 61
59 45 62
60 46 62
61 47 62
62 48 62
63 49 62
64 49 61
65 49 60
66 49 59
67 49 58
68 49 57
69 49 56
70 49 55
71 49 54
72 49 53
73 49 52
74 48 52
75 48 52
76 48 52
77 48 52
78 48 52
79 48 52
80 48 52
81 48 52
82 48 52
83 49 52
end
obstacle 132
0 31 55
1 32 55
2 33 55
3 34 55
4 35 55
5 36 55
6 37 55
7 38 55
8 38 56
9 39 56
10 39 57
11 40 57
12 40 58
13 41 58
14 41 59
15 42 59
16 42 60
17 43 60
18 43 61
19 44 61
20 45 61
21 46 61
22 47 61
23 48 61
24 49 61
25 50 61
26 51 61
27 52 61
28 53 61
29 54 61
30 54 60
31 54 59
32 54 58
33 54 57
34 54 56
35 54 55
36 55 55
37 55 54
38 55 53
39 55 52
40 54 52
41 54 51
42 54 50
43 53 50
44 52 50
45 52 49
46 52 48
47 51 48
48 51 47
49 50 47
50 49 47
51 49 46
52 48 46
53 48 45
54 48 45
55 48 45
56 48 45
57 47 45
58 47 44
59 47 43
60 46 43
61 46 43
62 46 43
63 46 43
64 46 43
65 46 43
66 46 43
67 46 43
68 46 43
69 46 43
70 46 43
71 46 42
72 47 42
73 48 42
74 48 42
75 48 42
76 48 41
77 48 40
78 49 40
79 50 40
80 51 40
81 52 40
82 52 39
83 53 39
84 54 39
85 54 38
86 54 37
end
obstacle 133
0 38 46
1 39 46
2 39 47
3 40 47
4 40 48
5 41 48
6 41 49
7 42 49
8 42 50
9 42 50
10 43 50
11 43 51
12 44 51
13 45 51
14 46 51
15 47 51
16 48 51
17 49 51
18 50 51
19 51 51
20 52 51
21 53 51
22 53 51
23 54 51
24 55 51
25 55 52
26 56 52
27 57 52
28 57 53
29 57 53
30 57 53
31 57 54
32 58 54
33 58 55
34 58 55
35 58 55
36 58 55
37 59 55
38 59 56
39 59 56
40 59 56
41 59 56
42 59 56
43 59 56
44 59 56
45 59 56
46 59 56
47 59 56
48 59 56
49 59 56
50 59 56
51 59 56
52 59 56
53 59 56
54 59 56
55 59 56
56 59 56
57 59 56
58 59 56
59 59 56
60 59 56
61 59 56
62 59 56
63 59 56
64 59 56
65 59 55
66 60 55
67 60 54
68 61 54
69 61 53
70 62 53
71 63 53
72 64 53
73 65 53
74 66 53
75 67 53
76 68 53
77 68 52
78 68 51
79 68 50
80 69 50
81 69 49
82 70 49
83 71 49
84 71 48
85 72 48
86 73 48
87 73 47
88 74 47
89 75 47
90 76 47
91 77 47
92 77 48
93 77 49
94 77 50
95 77 51
96 76 51
end
