0
12 2
11 2
12 2
13 2
14 2
13 2
12 2
11 2
12 2
13 2
14 2
13 2
12 2
11 2
12 2
13 2
14 2
13 2
12 2
11 2
12 2
13 2
14 2
13 2
12 2
11 2
12 2
13 2
14 2
13 2
12 2
11 2
12 2
13 2
14 2
13 2
12 2
11 2
12 2
13 2
14 2
13 2
12 2
11 2
12 2
13 2
14 2
13 2
12 2
11 2
12 2
13 2
14 2
13 2
12 2
11 2
12 2
13 2
14 2
13 2
12 2
11 2
12 2
13 2
14 2
13 2
12 2
11 2
12 2
13 2
14 2
13 2
12 2
11 2
12 2
13 2
14 2
13 2
12 2
11 2
12 2
13 2
14 2
13 2
12 2
1
13 2
13 3
13 2
13 1
13 0
13 1
13 2
13 3
13 2
13 1
13 0
13 1
13 2
13 3
13 2
13 1
13 0
13 1
13 2
13 3
13 2
13 1
13 0
13 1
13 2
13 3
13 2
13 1
13 0
13 1
13 2
13 3
13 2
13 1
13 0
13 1
13 2
13 3
13 2
13 1
13 0
13 1
13 2
13 3
13 2
13 1
13 0
13 1
13 2
13 3
13 2
13 1
13 0
13 1
13 2
13 3
13 2
13 1
13 0
13 1
13 2
13 3
13 2
13 1
13 0
13 1
13 2
13 3
13 2
13 1
13 0
13 1
2
1 1
1 2
2 2
2 1
1 1
1 2
2 2
2 1
1 1
1 2
2 2
2 1
1 1
1 2
2 2
2 1
1 1
1 2
2 2
2 1
1 1
1 2
2 2
2 1
1 1
1 2
2 2
2 1
1 1
1 2
2 2
2 1
1 1
1 2
2 2
2 1
1 1
1 2
2 2
2 1
1 1
1 2
2 2
2 1
1 1
1 2
2 2
2 1
1 1
1 2
2 2
2 1
1 1
1 2
2 2
2 1
1 1
1 2
2 2
2 1
1 1
1 2
2 2
2 1
1 1
1 2
2 2
2 1
1 1
1 2
2 2
2 1
1 1
1 2
2 2
2 1
1 1
1 2
2 2
2 1
1 1
1 2
2 2
2 1
1 1
1 2
2 2
2 1
1 1
1 2
2 2
2 1
1 1
1 2
2 2
2 1
3
7 1
7 2
7 3
7 4
7 3
7 2
7 1
7 2
7 3
7 4
7 3
7 2
7 1
7 2
7 3
7 4
7 3
7 2
7 1
7 2
7 3
7 4
7 3
7 2
7 1
7 2
7 3
7 4
7 3
7 2
7 1
7 2
7 3
7 4
7 3
7 2
7 1
7 2
7 3
7 4
7 3
7 2
7 1
7 2
7 3
7 4
7 3
7 2
7 1
7 2
7 3
7 4
7 3
7 2
7 1
7 2
7 3
7 4
7 3
7 2
7 1
7 2
7 3
7 4
7 3
7 2
7 1
7 2
7 3
7 4
7 3
7 2
7 1
7 2
7 3
7 4
7 3
7 2
7 1
7 2
7 3
7 4
7 3
7 2
7 1
7 2
7 3
7 4
7 3
7 2
7 1
7 2
7 3
7 4
7 3
7 2
4
13 10
13 11
13 12
13 13
13 14
13 15
13 16
13 17
13 16
13 15
13 14
13 13
13 12
13 11
13 10
13 11
13 12
13 13
13 14
13 15
13 16
13 17
13 16
13 15
13 14
13 13
13 12
13 11
13 10
13 11
13 12
13 13
13 14
13 15
13 16
13 17
13 16
13 15
13 14
13 13
13 12
13 11
13 10
13 11
13 12
13 13
13 14
13 15
13 16
13 17
13 16
13 15
13 14
13 13
13 12
13 11
13 10
13 11
13 12
13 13
13 14
13 15
13 16
13 17
13 16
13 15
13 14
13 13
13 12
13 11
13 10
13 11
13 12
13 13
13 14
13 15
13 16
13 17
13 16
13 15
13 14
13 13
13 12
13 11
5
11 16
12 16
12 17
12 18
12 19
11 19
12 19
12 18
12 17
12 16
11 16
12 16
12 17
12 18
12 19
11 19
12 19
12 18
12 17
12 16
11 16
12 16
12 17
12 18
12 19
11 19
12 19
12 18
12 17
12 16
11 16
12 16
12 17
12 18
12 19
11 19
12 19
12 18
12 17
12 16
11 16
12 16
12 17
12 18
12 19
11 19
12 19
12 18
12 17
12 16
11 16
12 16
12 17
12 18
12 19
11 19
12 19
12 18
12 17
12 16
11 16
12 16
12 17
12 18
12 19
11 19
12 19
12 18
12 17
12 16
11 16
12 16
12 17
12 18
12 19
11 19
12 19
12 18
12 17
12 16
11 16
12 16
12 17
12 18
12 19
11 19
12 19
12 18
12 17
12 16
6
4 0
4 1
3 1
3 0
4 0
4 1
3 1
3 0
4 0
4 1
3 1
3 0
4 0
4 1
3 1
3 0
4 0
4 1
3 1
3 0
4 0
4 1
3 1
3 0
4 0
4 1
3 1
3 0
4 0
4 1
3 1
3 0
4 0
4 1
3 1
3 0
4 0
4 1
3 1
3 0
4 0
4 1
3 1
3 0
4 0
4 1
3 1
3 0
4 0
4 1
3 1
3 0
4 0
4 1
3 1
3 0
4 0
4 1
3 1
3 0
4 0
4 1
3 1
3 0
4 0
4 1
3 1
3 0
4 0
4 1
3 1
3 0
4 0
4 1
3 1
3 0
4 0
4 1
3 1
3 0
4 0
4 1
3 1
3 0
4 0
4 1
3 1
3 0
4 0
4 1
3 1
3 0
4 0
4 1
3 1
3 0
4 0
4 1
3 1
3 0
7
10 20
10 21
10 22
10 23
10 24
10 23
10 22
10 21
10 20
10 21
10 22
10 23
10 24
10 23
10 22
10 21
10 20
10 21
10 22
10 23
10 24
10 23
10 22
10 21
10 20
10 21
10 22
10 23
10 24
10 23
10 22
10 21
10 20
10 21
10 22
10 23
10 24
10 23
10 22
10 21
10 20
10 21
10 22
10 23
10 24
10 23
10 22
10 21
10 20
10 21
10 22
10 23
10 24
10 23
10 22
10 21
10 20
10 21
10 22
10 23
10 24
10 23
10 22
10 21
10 20
10 21
10 22
10 23
10 24
10 23
10 22
10 21
10 20
10 21
10 22
10 23
10 24
10 23
10 22
10 21
10 20
10 21
10 22
10 23
10 24
10 23
10 22
10 21
8
12 6
12 7
13 7
13 6
12 6
12 7
13 7
13 6
12 6
12 7
13 7
13 6
12 6
12 7
13 7
13 6
12 6
12 7
13 7
13 6
12 6
12 7
13 7
13 6
12 6
12 7
13 7
13 6
12 6
12 7
13 7
13 6
12 6
12 7
13 7
13 6
12 6
12 7
13 7
13 6
12 6
12 7
13 7
13 6
12 6
12 7
13 7
13 6
12 6
12 7
13 7
13 6
12 6
12 7
13 7
13 6
12 6
12 7
13 7
13 6
12 6
12 7
13 7
13 6
12 6
12 7
13 7
13 6
12 6
12 7
13 7
13 6
12 6
12 7
13 7
13 6
12 6
12 7
13 7
13 6
12 6
12 7
13 7
13 6
12 6
12 7
13 7
13 6
12 6
12 7
13 7
13 6
12 6
12 7
13 7
13 6
9
12 26
12 27
11 27
12 27
12 28
12 27
12 26
12 27
11 27
12 27
12 28
12 27
12 26
12 27
11 27
12 27
12 28
12 27
12 26
12 27
11 27
12 27
12 28
12 27
12 26
12 27
11 27
12 27
12 28
12 27
12 26
12 27
11 27
12 27
12 28
12 27
12 26
12 27
11 27
12 27
12 28
12 27
12 26
12 27
11 27
12 27
12 28
12 27
12 26
12 27
11 27
12 27
12 28
12 27
12 26
12 27
11 27
12 27
12 28
12 27
12 26
12 27
11 27
12 27
12 28
12 27
12 26
12 27
11 27
12 27
12 28
12 27
12 26
12 27
11 27
12 27
12 28
12 27
12 26
12 27
11 27
12 27
12 28
12 27
12 26
12 27
11 27
12 27
12 28
12 27